+++++++++++++++++++++++++++++++++++++++++++++++++++++++++++++++++++++++++++++++++++++++++++++++++++++++++++++++++++++++++++++++++++++++++++++++++

ubuntu@memcache-server-kkf4:~$ sudo python3 scheduler.py
2024-05-17T09:04:11.127913 start scheduler
2024-05-17T09:04:11.127946 start memcached [0,1] 2
2024-05-17T09:04:11.127971 start freqmine [0,1,2,3] 4
2024-05-17T09:07:07.025896 end freqmine
2024-05-17T09:07:07.025945 start canneal [2,3] 2
2024-05-17T09:07:08.305953 start ferret [0,1] 2
2024-05-17T09:09:45.152764 end canneal
2024-05-17T09:09:45.152880 start blackscholes [2,3] 2
2024-05-17T09:10:59.995398 end blackscholes
2024-05-17T09:10:59.995590 start dedup [2,3] 2
2024-05-17T09:11:29.500251 end dedup
2024-05-17T09:11:29.500311 start radix [2,3] 2
2024-05-17T09:11:54.907022 end radix
2024-05-17T09:11:54.907072 start vips [2,3] 2
2024-05-17T09:12:59.663992 end vips
2024-05-17T09:12:59.689293 update_cores ferret [0,1,2,3]
2024-05-17T09:13:12.725395 end ferret
2024-05-17T09:13:12.725568 end scheduler


ubuntu@client-measure-71h2:~/memcache-perf-dynamic$ ./mcperf -s 10.0.16.4 -a 10.0.16.2 --noload -T 16 -C 4 -D 4 -Q 1000 -c 4 -t 660 --qps_interval 10 --qps_min 5000 --qps_max 100000 --qps_seed 3274
Random waveform, supplied seed
Total number of intervals = 66 (7434, 67201, 85927, 63953, 31595, 87879, 7287, 62295, 6561, 22532, 60653, 59076, 60154, 22964, 8172, 27652, 37594, 24367, 33771, 84944, 85666, 51918, 34406, 28664, 38289, 20658, 13840, 93419, 98284, 71313, 42089, 46458, 30755, 42889, 93552, 65694, 29574, 51355, 67361, 16287, 81508, 87619, 99068, 51267, 11822, 97494, 97350, 55460, 85984, 82043, 52873, 13911, 49984, 9274, 27187, 18735, 86505, 93039, 75999, 32324, 84255, 81759, 37291, 53818, 30297, 31569)
Average QPS expected = 51710
Timestamp start: 1715936642141
Timestamp end: 1715937302638

#type       avg     std     min      p5     p10     p50     p67     p75     p80     p85     p90     p95     p99    p999   p9999      QPS   target
read      302.4   485.3    80.4   141.1   162.8   275.5   308.3   326.9   341.7   361.2   387.7   433.0   623.4  6440.6 23122.0   7442.9     7434
read      369.6   413.8    74.4   125.1   146.0   323.1   404.6   452.8   489.1   533.2   589.3   683.8  1300.1  5092.3 12408.8  67179.9    67201
read      366.9   328.4    74.4   128.2   150.7   322.5   400.5   447.2   482.9   528.7   591.2   693.9  1082.9  5332.4  7454.7  85876.5    85927
read      344.9   213.0    74.4   122.5   143.1   319.7   399.6   446.2   481.1   523.2   575.4   649.9   803.3  1153.9  7419.4  63884.2    63953
read      330.2   256.5    74.4   118.7   137.9   306.9   380.4   425.8   458.9   496.2   539.4   597.8   725.9  1595.8  9828.7  31586.5    31595
read      369.3   329.3    74.4   130.8   154.4   328.1   406.3   452.9   488.3   534.0   597.3   698.4   933.2  5282.4  8799.1  87874.0    87879
read      280.6   392.1    80.4   126.8   148.2   262.9   293.2   310.6   322.7   339.9   364.1   407.5   568.4  5500.9 17226.1   7265.6     7287
read      348.1   285.5    74.4   121.4   142.1   321.5   401.4   448.1   482.1   523.1   574.6   649.9   821.4  1301.4 10848.6  62158.2    62295
read      291.6   576.7    80.4   129.2   153.2   258.3   286.3   301.8   313.9   329.5   352.4   399.9   608.2  9291.1 28091.8   6534.8     6561
read      316.2   408.3    74.4   117.1   135.7   288.4   353.6   394.2   422.5   453.5   489.5   540.1   659.2  5867.4 13837.3  22487.5    22532
read      345.9   388.9    74.4   120.9   141.3   315.5   393.8   439.0   472.9   513.6   563.6   633.6   797.3  2285.5 15363.9  60544.2    60653
read      346.4   218.5    74.4   122.1   142.8   321.1   401.1   447.8   482.6   524.2   574.9   646.3   808.3  1452.1  7783.6  58948.8    59076
read      346.3   220.2    74.4   122.6   143.7   321.1   400.3   447.5   482.3   524.5   576.6   650.4   804.5  1253.5  8128.4  60196.6    60154
read      314.5   270.2    74.4   117.7   136.8   293.0   362.0   403.9   432.8   463.6   500.2   549.8   665.9  1796.1 10725.0  22972.1    22964
read      283.8   476.8    80.4   125.4   144.6   266.2   298.6   317.0   331.6   348.6   374.4   421.0   551.0  5490.5 23602.6   8171.5     8172
read      320.8   216.0    74.4   118.6   137.7   299.3   370.7   415.1   446.0   480.2   521.0   578.7   699.6  1392.6  8254.5  27645.7    27652
read      338.3   240.3    74.4   121.3   141.1   313.5   389.4   434.5   468.0   507.2   554.3   624.0   788.7  1462.1  8372.6  37565.7    37594
read      315.1   245.0    74.4   117.4   136.3   292.9   361.9   403.5   433.4   465.8   503.9   559.3   681.8  1773.1 10619.4  24426.8    24367
read      364.4   359.4    74.4   126.6   146.5   317.5   393.9   441.8   478.4   522.3   580.0   693.3  1258.0  4037.7 11495.6  33940.5    33771
read      417.2   482.0    74.4   138.9   164.3   346.5   428.4   477.2   516.7   569.6   644.5   781.0  1841.7  5918.5 10225.2  84841.7    84944
read      419.1   581.3    74.4   139.1   164.5   344.2   425.6   475.0   514.5   566.6   639.2   769.1  1828.1  6224.9 17154.2  85589.0    85666
read      359.7   249.0    74.4   128.8   149.5   328.3   407.5   454.4   490.0   533.0   587.2   673.7   972.7  1877.8  8137.9  52019.2    51918
read      345.5   300.2    74.4   127.0   146.8   316.4   389.0   433.2   467.2   506.7   555.4   629.1   895.6  1887.7  9560.0  34387.1    34406
read      335.3   246.9    74.4   124.1   143.4   311.3   386.7   431.9   464.8   502.3   545.3   606.1   739.6  1421.9  9861.9  28634.3    28664
read      346.4   242.3    74.4   125.5   145.8   322.6   399.3   446.0   479.8   519.8   567.5   634.6   784.2  1370.7  9679.7  38303.7    38289
read      321.2   278.2    74.4   123.3   142.2   300.2   367.6   407.5   434.7   465.4   501.9   551.6   672.0  2618.6 10907.4  20617.2    20658
read      301.6   317.5    80.4   125.5   142.8   287.0   338.7   370.7   392.8   417.2   446.9   492.0   599.4  2501.3 12981.2  13873.5    13840
read      430.4   490.7    74.4   147.1   176.6   363.5   443.3   491.3   531.1   585.0   664.7   798.9  1770.9  5932.0 12537.5  93349.7    93419
read      453.2   465.3    74.4   159.5   195.0   390.6   467.1   514.6   556.4   618.3   712.3   851.6  1701.2  5906.8 13502.0  98249.6    98284
read      375.3   348.7    74.4   130.5   152.2   333.7   416.9   465.0   501.6   546.8   609.0   702.4   920.4  5733.1  9299.9  71376.5    71313
read      352.8   240.7    74.4   127.3   148.4   329.7   408.1   453.7   487.3   527.4   576.0   641.9   800.1  1368.6  9483.2  42102.3    42089
read      359.0   372.3    74.4   127.0   148.2   329.2   409.7   456.6   491.3   532.1   581.7   652.6   814.0  2276.0 13922.7  46406.8    46458
read      350.0   442.1    74.4   125.4   145.2   317.3   392.9   438.4   471.6   509.6   554.2   618.1   761.5  5154.1 15447.5  30826.6    30755
read      351.0   231.8    74.4   126.7   147.7   323.9   402.4   449.2   483.7   524.8   575.1   646.1   861.6  1544.1  8163.7  42774.0    42889
read      460.0   704.4    74.4   149.4   179.7   368.7   451.6   503.6   547.1   608.5   698.6   859.9  1984.1  9216.3 30173.9  93510.3    93552
read      354.6   249.0    74.4   127.4   147.6   320.5   401.0   449.3   485.6   529.5   584.9   672.9   938.4  2016.9  7547.5  65739.7    65694
read      328.4   285.8    74.4   120.5   139.4   303.0   373.6   417.8   449.4   485.3   528.9   589.8   759.6  2163.8 10607.4  29542.9    29574
read      347.2   284.4    74.4   123.1   144.4   322.3   400.6   446.0   479.3   519.9   569.0   635.9   788.8  1447.2 12937.1  51383.3    51355
read      351.7   370.0    74.4   123.9   144.6   317.4   397.0   443.9   478.6   521.6   575.6   652.4   832.6  3530.6 14698.3  67257.6    67361
read      306.4   383.9    74.4   120.3   138.2   286.9   345.0   379.2   401.6   426.8   457.4   502.0   613.3  4487.8 15202.2  16317.0    16287
read      386.7   445.1    74.4   131.0   154.4   331.5   410.7   458.6   496.0   543.0   609.2   716.1  1089.4  5888.1 11312.4  81649.9    81508
read      446.9   611.0    74.4   143.8   171.4   356.6   441.0   494.5   538.1   595.2   684.7   864.5  1967.9  5980.2 21696.2  87607.2    87619
read      515.6   446.1    74.4   182.5   229.6   445.5   525.3   578.6   628.4   708.9   828.9   990.2  1891.6  5865.7 11712.4  98949.6    99068
read      362.0   249.6    74.4   127.4   148.7   334.8   418.4   466.5   502.2   543.7   595.6   673.9   847.1  1665.6  8955.8  51294.0    51267
read      294.7   373.7    74.4   125.8   142.9   280.2   321.1   344.9   364.3   387.0   416.4   465.8   603.5  4010.5 16025.5  11827.6    11822
read      420.0   470.0    74.4   146.4   176.4   357.7   434.1   481.8   521.0   574.3   650.3   771.6  1612.7  5909.9 12082.2  97585.1    97494
read      483.4   447.8    74.4   155.5   193.7   423.0   521.1   575.4   616.8   671.1   758.5   960.4  1417.0  5860.8 10753.2  97292.3    97350
read      377.4   316.9    74.4   129.3   150.9   338.9   425.7   476.1   513.7   558.6   617.2   712.4  1048.6  3496.9 10215.7  55424.5    55460
read      401.7   439.3    74.4   135.9   161.2   342.4   423.8   471.1   509.0   558.6   629.7   748.3  1572.4  5886.7 10200.6  85861.1    85984
read      390.6   442.1    74.4   132.5   155.9   332.9   414.2   462.5   500.0   547.0   614.2   724.3  1406.2  5897.6 10795.0  82087.3    82043
read      363.3   392.1    74.4   126.6   147.5   331.2   413.3   460.7   496.2   537.6   587.9   663.9   844.1  2984.2 13880.7  52961.8    52873
read      322.7   597.0    74.4   125.1   143.0   292.5   346.9   379.5   401.4   426.9   458.8   508.3   672.2  9362.0 31762.9  13948.0    13911
read      358.2   399.2    74.4   125.0   146.6   327.1   407.0   453.7   488.6   530.5   580.9   652.0   809.3  3692.6 13942.0  50115.9    49984
read      325.9   619.1    80.4   131.9   152.2   290.8   333.7   361.0   382.7   409.9   448.2   507.9   679.0  9301.3 30946.6   9274.1     9274
read      394.1   400.1    74.4   128.5   148.2   314.5   413.3   481.8   538.4   628.8   766.4   929.4  1170.8  2731.4 15251.8  27070.3    27187
read      311.7   264.1    74.4   131.6   148.8   297.1   355.2   388.8   412.3   439.3   473.4   526.4   642.9  2819.8 11623.3  18758.1    18735
read      348.7   216.2    68.9   133.7   155.2   317.7   395.7   441.8   477.0   520.8   579.7   673.9   860.7  1312.2  6853.9  86521.6    86505
read      345.4   215.0    68.9   134.4   155.9   314.5   391.8   436.7   470.9   514.1   572.1   662.5   845.8  1289.0  6815.4  92976.9    93039
read      351.6   269.5    74.4   131.7   152.5   320.4   399.5   446.0   481.1   525.4   583.1   673.8   860.6  1387.6 10802.7  75937.4    75999
read      333.0   234.6    74.4   130.3   149.0   311.4   380.1   421.7   453.1   490.1   534.7   594.2   740.2  1771.3 10351.4  32320.4    32324
read      350.9   208.0    74.4   133.3   154.7   320.5   399.2   445.8   481.0   525.5   584.8   679.7   868.7  1251.6  6213.4  84175.0    84255
read      349.7   200.3    68.9   133.2   154.4   320.2   398.7   444.8   480.0   524.3   582.5   675.1   858.5  1217.4  5943.1  81890.1    81759
read      340.4   222.4    74.4   131.6   151.2   319.6   390.5   431.9   463.8   501.7   548.2   615.6   773.8  1454.1  9330.4  37319.9    37291
read      345.2   224.6    74.4   131.8   152.0   322.7   397.5   440.4   472.6   511.6   560.1   630.1   797.3  1404.6  9572.3  53821.9    53818
read      325.2   248.6    74.4   129.4   148.1   304.5   369.4   408.6   439.0   474.5   518.3   578.7   715.1  1471.1 10470.5  30286.9    30297
read      328.8   235.8    74.4   129.8   148.4   307.8   375.7   416.9   447.8   483.8   528.0   588.6   728.0  1505.4  9330.7  31620.5    31569

Total QPS = 51702.8 (34123816 / 660.0s)

Total connections = 64
Misses = 0 (0.0%)
Skipped TXs = 0 (0.0%)

RX 8428582058 bytes :   12.2 MB/s
TX          0 bytes :    0.0 MB/s
Warning! Detected max cpu usage > 95%
CPU Usage Stats (avg/min/max): 99.96%,50.00%,100.00%

+++++++++++++++++++++++++++++++++++++++++++++++++++++++++++++++++++++++++++++++++++++++++++++++++++++++++++++++++++++++++++++++++++++++++++++++++

ubuntu@memcache-server-kkf4:~$ sudo python3 scheduler.py
2024-05-17T09:34:28.256622 start scheduler
2024-05-17T09:34:28.256646 start memcached [0,1] 2
2024-05-17T09:34:28.256678 start freqmine [0,1,2,3] 4
2024-05-17T09:37:25.141337 end freqmine
2024-05-17T09:37:25.141390 start canneal [2,3] 2
2024-05-17T09:37:26.391678 start ferret [0,1] 2
2024-05-17T09:40:18.366027 end canneal
2024-05-17T09:40:18.366101 start blackscholes [2,3] 2
2024-05-17T09:41:34.498638 end blackscholes
2024-05-17T09:41:34.498694 start dedup [2,3] 2
2024-05-17T09:41:58.000181 end dedup
2024-05-17T09:41:58.000296 start radix [2,3] 2
2024-05-17T09:42:24.576179 end radix
2024-05-17T09:42:24.576339 start vips [2,3] 2
2024-05-17T09:43:28.369438 end vips
2024-05-17T09:43:28.411005 update_cores ferret [0,1,2,3]
2024-05-17T09:43:35.432511 end ferret
2024-05-17T09:43:35.432695 end scheduler


ubuntu@client-measure-71h2:~/memcache-perf-dynamic$ ./mcperf -s 10.0.16.4 -a 10.0.16.2 --noload -T 16 -C 4 -D 4 -Q 1000 -c 4 -t 660 --qps_interval 10 --qps_min 5000 --qps_max 100000 --qps_seed 3274
Random waveform, supplied seed
Total number of intervals = 66 (7434, 67201, 85927, 63953, 31595, 87879, 7287, 62295, 6561, 22532, 60653, 59076, 60154, 22964, 8172, 27652, 37594, 24367, 33771, 84944, 85666, 51918, 34406, 28664, 38289, 20658, 13840, 93419, 98284, 71313, 42089, 46458, 30755, 42889, 93552, 65694, 29574, 51355, 67361, 16287, 81508, 87619, 99068, 51267, 11822, 97494, 97350, 55460, 85984, 82043, 52873, 13911, 49984, 9274, 27187, 18735, 86505, 93039, 75999, 32324, 84255, 81759, 37291, 53818, 30297, 31569)
Average QPS expected = 51710
Timestamp start: 1715938458638
Timestamp end: 1715939119159

#type       avg     std     min      p5     p10     p50     p67     p75     p80     p85     p90     p95     p99    p999   p9999      QPS   target
read      309.3   339.9    86.8   149.9   172.6   290.3   322.7   342.6   358.1   375.6   401.7   450.0   635.4  4573.9 14102.6   7449.8     7434
read      363.9   346.5    74.4   127.2   147.1   316.7   404.4   455.7   492.7   536.5   594.0   697.6  1225.1  2864.3 13122.0  67213.5    67201
read      386.2   387.8    74.4   128.7   150.4   321.9   408.6   461.8   501.2   548.9   617.4   744.8  1754.1  5678.3 10310.3  85974.7    85927
read      343.5   238.1    68.9   122.8   142.2   311.6   396.9   445.9   480.8   521.9   574.3   659.3   842.7  1475.5  9493.7  63992.9    63953
read      332.3   322.1    74.4   121.0   139.5   305.1   381.3   425.9   457.5   494.0   539.0   603.0   742.3  2242.0 10158.5  31459.8    31595
read      386.8   390.4    74.4   129.5   151.4   322.2   406.1   458.6   498.4   546.9   615.6   739.6  1750.5  5741.2  9600.7  87893.7    87879
read      308.3   812.8    80.4   130.1   150.5   262.4   293.8   311.7   324.6   342.3   368.5   415.1   639.2  9969.0 32235.2   7319.5     7287
read      349.8   376.7    74.4   122.3   141.8   313.0   399.2   448.0   482.6   523.9   576.9   662.3   861.5  2172.8 14272.0  62294.8    62295
read      274.9   310.9    80.4   132.7   154.6   260.3   290.1   306.8   318.5   334.6   356.2   396.1   523.9  4283.7  9962.9   6528.0     6561
read      314.2   234.0    74.4   119.3   137.5   293.0   365.8   408.4   437.0   467.7   503.8   553.9   665.2  1453.0  8637.5  22580.4    22532
read      343.4   234.4    74.4   122.2   141.7   312.9   398.2   445.9   479.8   520.2   572.8   657.1   839.8  1544.9  8405.2  60688.4    60653
read      344.2   210.2    68.9   122.4   141.8   314.9   401.3   449.8   484.3   525.8   578.9   660.7   831.7  1296.3  7134.9  59032.2    59076
read      338.2   216.3    74.4   121.6   140.9   309.6   394.0   441.5   474.6   514.3   564.7   638.0   797.5  1535.1  7200.9  60204.6    60154
read      310.2   244.1    74.4   119.0   137.2   288.5   358.5   399.8   428.6   460.1   496.7   546.5   655.6  1486.7 10469.3  22945.1    22964
read      281.5   317.3    80.4   127.3   146.6   265.6   301.0   320.5   337.2   357.9   387.5   434.9   556.9  3927.3 15295.4   8235.2     8172
read      318.9   240.6    74.4   119.7   138.1   296.1   367.5   410.7   441.8   475.3   517.3   576.5   690.6  1450.4 10179.6  27676.3    27652
read      333.0   235.6    74.4   121.0   140.4   307.2   386.8   431.7   463.9   502.0   548.4   620.2   767.1  1389.6  8058.2  37612.0    37594
read      313.6   258.6    74.4   118.2   136.1   290.6   361.7   403.3   432.7   464.5   503.6   560.1   692.6  1472.0 11198.4  24293.4    24367
read      357.9   389.6    74.4   125.1   144.5   310.7   389.8   436.6   471.6   514.8   570.7   677.9  1220.9  4890.5 12344.1  33792.8    33771
read      427.1   494.6    74.4   138.1   162.2   341.8   427.4   481.8   525.5   581.4   662.9   837.7  1936.6  5921.0 13961.1  84871.3    84944
read      425.7   477.3    74.4   139.5   164.3   344.9   429.9   484.6   528.7   584.5   663.6   818.5  1906.7  5898.1 13967.2  85691.1    85666
read      351.1   223.2    68.9   127.7   147.4   320.8   403.7   451.8   486.5   528.0   579.5   657.1   869.2  1803.0  6885.9  51852.6    51918
read      336.6   246.7    74.4   126.9   145.9   310.3   384.9   429.7   462.5   500.2   545.6   614.5   811.4  1450.1 10776.0  34449.7    34406
read      328.9   229.8    74.4   123.9   142.3   303.9   377.5   422.3   454.0   490.3   534.3   593.8   763.7  1481.7  7939.3  28634.6    28664
read      342.1   207.7    74.4   125.8   145.4   317.1   398.2   444.7   477.7   516.7   565.2   633.2   776.0  1355.5  6959.3  38361.7    38289
read      325.0   263.8    74.4   125.3   144.0   302.5   373.4   415.2   443.8   474.9   513.4   570.9   717.6  1839.9 11408.3  20730.7    20658
read      310.7   330.0    80.4   129.0   146.6   295.2   350.8   382.8   404.3   429.8   460.4   504.8   613.0  3971.4 13055.7  13864.6    13840
read      488.3   548.7    74.4   155.5   189.5   397.6   495.2   554.6   601.1   663.0   758.9   987.2  2016.4  5964.6 17825.5  93391.5    93419
read      480.0   553.9    74.4   163.3   199.5   399.9   493.6   551.4   596.8   654.6   737.8   901.1  1804.8  6083.0 17187.2  98278.7    98284
read      394.5   462.7    74.4   130.1   151.1   330.7   421.2   473.7   513.8   562.0   628.2   745.0  1712.5  5847.0 14576.2  71256.7    71313
read      347.6   220.4    74.4   125.9   146.0   320.4   403.2   452.0   486.6   526.7   576.0   647.4   801.8  1418.5  7469.8  42189.9    42089
read      354.0   222.7    80.4   127.7   147.8   326.1   413.1   462.1   496.9   536.9   586.3   661.4   811.5  1338.6  8003.8  46469.0    46458
read      336.9   298.4    74.4   125.1   143.3   309.9   386.9   433.1   466.0   503.4   548.4   614.0   750.8  1451.6 12409.6  30762.4    30755
read      350.9   219.3    74.4   128.3   148.0   324.2   409.2   457.0   491.3   531.1   580.1   653.1   803.3  1318.6  7980.5  42895.5    42889
read      425.8   476.8    74.4   145.0   172.7   361.1   449.7   500.6   540.2   591.2   670.3   815.7  1301.7  5937.6 12881.1  93652.4    93552
read      375.9   319.8    74.4   129.4   149.4   323.2   409.9   461.3   499.3   544.9   608.2   723.1  1616.6  3099.4  9339.7  65718.3    65694
read      329.6   251.6    74.4   123.8   142.2   304.0   380.5   425.4   457.3   493.3   536.7   598.6   746.1  1431.8 10754.2  29667.5    29574
read      345.4   224.6    74.4   125.6   145.2   317.6   400.1   446.8   480.6   521.5   572.3   648.7   821.6  1552.4  8094.8  51251.8    51355
read      348.8   246.3    74.4   123.8   143.4   311.2   398.4   449.1   484.9   527.3   582.3   674.7   913.8  2260.9  7744.6  67470.8    67361
read      300.2   248.2    74.4   121.8   139.3   286.5   344.6   378.1   401.3   427.6   458.9   503.9   615.7  1722.1  8770.0  16249.2    16287
read      380.0   470.2    74.4   128.6   150.0   318.9   402.6   454.1   492.2   538.1   598.7   705.1  1305.9  5960.0 12494.9  81319.8    81508
read      391.6   524.8    74.4   131.9   154.6   325.7   409.5   459.6   497.4   544.3   610.6   727.5  1329.6  5966.8 16495.6  87458.4    87619
read      422.1   476.5    74.4   144.1   171.9   351.6   436.8   489.0   529.4   581.8   658.3   795.8  1719.4  5918.8 12661.4  98914.4    99068
read      360.1   279.4    74.4   128.2   148.1   321.1   405.8   455.0   491.4   535.3   591.0   685.2  1123.1  1970.0  9662.8  51209.7    51267
read      323.1   614.1    80.4   130.8   149.1   291.4   339.7   367.5   388.0   411.6   441.3   488.2   618.4  9519.7 29701.9  11852.0    11822
read      500.2   637.0    74.4   163.0   200.7   409.0   500.4   557.3   605.5   675.3   783.3   988.1  1963.8  7818.1 25945.3  97448.7    97494
read      448.0   481.7    74.4   149.0   179.8   369.8   458.4   513.4   557.5   614.7   696.5   857.7  1865.7  5945.4 10578.4  97288.0    97350
read      347.2   227.5    74.4   124.3   143.9   315.7   401.6   450.9   485.7   526.9   579.9   663.1   848.1  1554.9  7963.0  55552.7    55460
read      509.4   636.0    74.4   154.7   188.5   407.8   513.2   584.3   640.1   709.6   800.8   999.2  2162.6  6396.7 19748.2  85954.6    85984
read      382.6   413.5    74.4   130.7   152.6   325.7   410.7   461.4   499.1   545.4   610.4   724.5  1206.3  5857.0 10032.4  82100.5    82043
read      352.7   357.0    74.4   124.3   144.2   318.3   402.8   451.0   485.0   525.3   577.0   657.4   832.5  2694.4 14069.2  52815.8    52873
read      318.7   598.0    80.4   126.5   143.9   285.8   339.0   369.8   392.0   417.4   448.7   495.2   630.1  9732.7 29402.9  13873.2    13911
read      360.3   450.5    74.4   125.4   145.7   323.0   407.7   456.1   490.9   531.8   583.8   666.4   844.0  4242.8 17182.6  50167.3    49984
read      306.8   534.5    80.4   131.4   149.8   279.2   317.0   339.1   356.0   376.3   403.8   450.0   599.1  9139.7 24344.4   9312.7     9274
read      336.7   253.9    74.4   124.1   142.8   306.1   382.8   429.5   462.6   501.4   548.8   625.7   887.0  1488.2  9264.3  27193.5    27187
read      352.3   305.3    74.4   131.5   150.5   311.7   391.6   438.2   472.4   519.4   589.9   709.5   922.3  2583.5 11834.2  18704.9    18735
read      348.5   212.8    68.9   133.0   153.8   314.7   396.1   445.0   481.9   526.4   583.9   676.4   872.3  1323.4  6790.7  86522.6    86505
read      348.0   214.8    74.4   136.5   157.8   313.9   393.8   442.4   478.8   523.6   580.6   669.8   855.9  1237.8  7341.0  92996.5    93039
read      348.5   234.4    74.4   133.4   153.5   313.8   396.6   446.2   482.4   525.7   581.4   672.3   871.6  1484.6  8962.3  76085.2    75999
read      330.8   238.7    74.4   131.3   149.3   307.9   376.5   418.4   449.8   486.7   532.3   594.7   741.6  1560.2  9563.2  32357.9    32324
read      344.4   218.6    68.9   132.2   152.3   310.1   391.6   440.6   476.7   521.1   578.5   667.7   857.3  1251.6  8530.3  84194.2    84255
read      347.5   223.7    74.4   132.2   152.6   313.2   395.9   445.5   481.8   525.4   581.6   672.8   865.6  1305.3  7475.5  81870.0    81759
read      339.0   225.3    74.4   132.1   151.2   315.1   388.4   431.1   463.7   503.2   551.8   622.6   782.8  1450.3  8477.7  37321.1    37291
read      346.4   198.0    68.9   131.8   151.4   320.9   400.8   446.8   480.1   520.7   572.6   649.8   825.6  1314.0  5429.5  53945.8    53818
read      331.7   218.4    74.4   131.0   149.6   309.1   380.8   423.3   454.7   491.4   536.0   596.3   736.3  1497.0  8365.7  30216.5    30297
read      333.5   245.8    68.9   131.4   150.1   309.6   381.3   423.9   455.6   492.8   537.8   601.8   751.3  1560.8 11406.7  31494.2    31569

Total QPS = 51713.1 (34130672 / 660.0s)

Total connections = 64
Misses = 0 (0.0%)
Skipped TXs = 0 (0.0%)

RX 8430276231 bytes :   12.2 MB/s
TX          0 bytes :    0.0 MB/s
Warning! Detected max cpu usage > 95%
CPU Usage Stats (avg/min/max): 99.96%,49.49%,100.00%


+++++++++++++++++++++++++++++++++++++++++++++++++++++++++++++++++++++++++++++++++++++++++++++++++++++++++++++++++++++++++++++++++++++++++++++++++


ubuntu@memcache-server-kkf4:~$ sudo python3 scheduler.py
2024-05-17T09:49:05.725549 start scheduler
2024-05-17T09:49:05.725578 start memcached [0,1] 2
2024-05-17T09:49:05.725604 start freqmine [0,1,2,3] 4
2024-05-17T09:52:01.621853 end freqmine
2024-05-17T09:52:01.621894 start canneal [2,3] 2
2024-05-17T09:52:02.895578 start ferret [0,1] 2
2024-05-17T09:54:50.779120 end canneal
2024-05-17T09:54:50.779189 start blackscholes [2,3] 2
2024-05-17T09:56:06.338757 end blackscholes
2024-05-17T09:56:06.338834 start dedup [2,3] 2
2024-05-17T09:56:29.566996 end dedup
2024-05-17T09:56:29.567056 start radix [2,3] 2
2024-05-17T09:56:55.221103 end radix
2024-05-17T09:56:55.221164 start vips [2,3] 2
2024-05-17T09:57:58.604036 end vips
2024-05-17T09:57:58.630604 update_cores ferret [0,1,2,3]
2024-05-17T09:58:15.683777 end ferret
2024-05-17T09:58:15.683917 end scheduler


ubuntu@client-measure-71h2:~/memcache-perf-dynamic$ ./mcperf -s 10.0.16.4 -a 10.0.16.2 --noload -T 16 -C 4 -D 4 -Q 1000 -c 4 -t 660 --qps_interval 10 --qps_min 5000 --qps_max 100000 --qps_seed 3274
Random waveform, supplied seed
Total number of intervals = 66 (7434, 67201, 85927, 63953, 31595, 87879, 7287, 62295, 6561, 22532, 60653, 59076, 60154, 22964, 8172, 27652, 37594, 24367, 33771, 84944, 85666, 51918, 34406, 28664, 38289, 20658, 13840, 93419, 98284, 71313, 42089, 46458, 30755, 42889, 93552, 65694, 29574, 51355, 67361, 16287, 81508, 87619, 99068, 51267, 11822, 97494, 97350, 55460, 85984, 82043, 52873, 13911, 49984, 9274, 27187, 18735, 86505, 93039, 75999, 32324, 84255, 81759, 37291, 53818, 30297, 31569)
Average QPS expected = 51710
Timestamp start: 1715939336164
Timestamp end: 1715939996683

#type       avg     std     min      p5     p10     p50     p67     p75     p80     p85     p90     p95     p99    p999   p9999      QPS   target
read      313.5   482.1    80.4   149.8   173.5   289.2   320.5   340.1   355.2   373.5   399.8   447.4   625.7  5908.7 21734.7   7466.6     7434
read      377.4   375.5    68.9   129.7   151.0   332.8   416.3   464.9   502.2   548.2   611.6   715.4  1288.3  3517.8 13768.2  67283.0    67201
read      388.0   430.1    74.4   132.5   156.8   337.9   418.2   465.0   501.7   548.5   618.8   731.3  1072.4  5744.4 14238.1  86007.3    85927
read      359.8   334.9    74.4   125.1   145.8   330.0   412.0   459.9   495.5   538.3   592.6   676.2   863.4  1859.1 13599.4  64013.2    63953
read      337.4   312.2    74.4   122.3   142.3   312.9   385.9   430.1   462.8   500.4   543.7   603.8   745.3  1863.2 13631.0  31623.6    31595
read      400.9   461.9    74.4   136.3   162.0   345.9   427.9   474.8   512.3   560.9   631.6   747.4  1478.1  5771.0 15579.1  87847.8    87879
read      298.0   583.8    80.4   128.0   149.5   266.4   298.8   317.9   333.5   352.4   380.5   432.2   596.3  8670.8 30620.9   7320.3     7287
read      358.9   395.4    74.4   123.9   144.7   328.3   409.1   456.2   491.4   533.2   585.6   661.2   825.9  2775.9 15371.9  62343.1    62295
read      295.3   649.6    80.4   130.0   153.1   258.3   288.2   304.5   316.3   332.4   355.4   400.9   612.9  9783.7 31292.2   6557.0     6561
read      326.1   412.1    74.4   120.4   139.5   298.8   366.3   407.3   436.1   467.6   504.7   556.0   673.1  5820.0 14911.2  22413.5    22532
read      364.0   387.3    74.4   125.1   146.2   331.2   412.5   459.8   495.3   538.5   592.8   675.5   867.6  3129.5 15711.1  60658.2    60653
read      362.7   416.6    74.4   124.0   144.9   330.6   411.5   458.4   493.7   536.5   589.7   668.8   845.5  3819.3 15472.7  59160.3    59076
read      364.6   395.4    74.4   125.1   146.4   332.0   414.1   461.6   497.4   540.3   593.9   676.0   859.4  3639.9 12914.0  60190.6    60154
read      331.5   485.5    74.4   120.3   139.9   301.2   370.1   411.3   440.0   470.8   508.2   562.1   686.8  7349.5 28345.0  22967.3    22964
read      306.4   736.5    80.4   127.8   147.6   270.3   303.3   320.5   335.5   353.2   379.3   427.5   604.6  9813.9 32964.2   8154.6     8172
read      327.9   356.1    74.4   121.5   141.0   303.0   371.4   415.4   447.2   481.8   522.2   578.4   701.3  2108.8 14263.6  27590.8    27652
read      337.4   241.4    74.4   123.3   144.2   316.8   389.2   432.7   465.8   504.1   549.1   611.4   743.5  1365.6 10780.5  37569.2    37594
read      320.9   228.3    74.4   121.1   140.7   300.5   369.1   411.4   441.3   474.1   512.3   568.0   684.8  1480.3 10396.3  24378.9    24367
read      374.9   431.4    74.4   128.8   149.8   326.3   405.8   455.9   493.3   537.5   593.8   712.5  1278.7  4177.1 17076.8  33760.6    33771
read      444.6   515.1    68.9   142.9   170.5   362.7   448.5   501.9   545.3   603.5   688.9   859.4  1978.8  5947.7 11593.2  84891.4    84944
read      452.1   554.5    74.4   144.7   173.0   366.8   457.0   509.6   551.7   609.4   697.6   890.3  1947.5  6018.0 19832.6  85552.3    85666
read      359.2   229.2    74.4   128.3   149.1   330.8   410.9   458.8   494.1   536.4   590.8   678.6   910.0  1778.2  7116.0  52033.4    51918
read      354.7   256.1    74.4   128.6   148.4   320.5   397.9   445.3   480.3   522.3   575.7   666.1  1090.1  1683.4  9451.8  34355.5    34406
read      349.1   250.9    74.4   128.2   148.0   324.3   399.6   445.1   478.9   518.1   564.3   632.1   822.2  1457.9 10046.0  28726.1    28664
read      358.4   255.5    74.4   130.2   151.9   335.8   412.8   457.7   491.5   531.2   579.7   648.8   818.1  1478.1 10486.4  38292.5    38289
read      333.2   432.5    74.4   127.0   146.3   305.7   374.9   415.9   444.8   476.1   513.0   566.1   685.8  4104.1 18035.3  20670.3    20658
read      311.3   293.7    74.4   129.1   147.3   298.3   352.7   384.0   405.0   430.9   461.4   505.5   604.7  3123.3 12132.9  13818.3    13840
read      456.8   507.4    74.4   157.4   191.0   388.1   470.2   522.3   565.0   622.8   707.3   846.5  1775.4  5958.2 13911.3  93621.1    93419
read      514.2   524.8    74.4   188.8   235.8   449.1   530.6   583.0   629.7   699.2   805.1   952.4  1348.8  6130.0 14827.6  98318.2    98284
read      390.5   404.4    74.4   133.0   155.5   342.7   427.0   476.0   513.9   562.4   629.3   736.7  1006.0  5851.8 13036.1  71391.0    71313
read      365.1   273.3    74.4   129.6   151.3   339.8   420.7   466.9   501.2   541.9   592.4   668.6   846.2  1793.6 10216.0  42142.8    42089
read      371.4   224.1    74.4   131.3   153.6   346.7   431.0   479.4   515.0   557.5   610.8   688.3   872.9  1428.1  7795.9  46539.4    46458
read      350.1   218.3    74.4   128.4   148.5   327.4   403.9   451.4   485.8   525.2   571.7   635.3   788.6  1415.9  8048.8  30847.3    30755
read      367.9   259.5    74.4   131.1   153.3   343.2   425.3   472.0   507.1   548.1   599.7   676.0   842.5  1465.0 10636.2  42926.2    42889
read      463.5   498.6    74.4   156.9   190.1   384.0   468.3   521.3   565.5   626.4   719.1   885.1  1943.4  5921.4 14023.0  93741.7    93552
read      377.3   335.9    74.4   130.7   152.1   334.8   419.9   469.3   506.4   551.1   612.8   718.1  1140.1  3883.4  9685.9  65719.6    65694
read      337.5   256.7    74.4   124.7   143.9   314.1   388.2   432.3   464.6   502.0   546.4   611.4   773.1  1455.8 11225.5  29625.1    29574
read      357.6   244.3    68.9   125.7   146.8   332.1   412.3   458.7   493.7   535.2   586.2   661.3   862.2  1651.4  9907.5  51368.9    51355
read      362.6   291.5    68.9   125.5   146.6   329.9   412.7   461.3   497.9   542.4   599.9   685.7   867.0  5376.1  9817.2  67346.3    67361
read      312.2   262.3    80.4   123.8   143.0   299.2   358.4   391.9   415.1   440.9   471.4   519.1   632.4  1883.3 10597.4  16220.5    16287
read      403.9   453.2    74.4   135.0   159.5   345.1   430.1   479.7   517.9   566.0   632.1   746.1  1292.5  5936.9 10738.1  81494.3    81508
read      407.0   480.8    74.4   136.5   161.9   340.4   421.9   469.9   507.7   557.3   628.8   750.4  1736.8  5950.3 10465.2  87672.1    87619
read      465.2   494.9    68.9   160.0   195.5   393.9   477.3   530.3   574.2   634.6   728.9   883.3  1810.3  5931.5 13539.5  99047.0    99068
read      369.2   235.0    74.4   129.4   150.4   342.8   428.1   475.7   511.1   553.0   607.7   689.0   888.4  1694.9  8132.9  51219.4    51267
read      323.6   554.0    80.4   129.9   148.9   296.6   344.5   373.8   395.4   420.4   451.8   500.5   647.8  8035.8 30144.6  11877.3    11822
read      498.2   501.1    74.4   171.8   213.2   425.6   512.0   567.8   614.4   680.5   783.2   958.6  1799.3  5930.2 13754.7  97385.9    97494
read      459.9   511.8    74.4   162.3   199.7   397.5   474.9   523.5   564.6   623.4   711.9   845.9  1475.1  5970.8 15683.2  97331.4    97350
read      399.9   438.5    74.4   131.5   154.2   353.6   445.3   497.9   537.0   583.5   644.2   748.4  1112.5  5690.8 13384.1  55388.2    55460
read      427.6   512.3    74.4   142.5   170.4   363.8   448.0   496.4   534.7   585.2   662.0   799.6  1667.7  5945.6 16922.9  85924.3    85984
read      427.6   577.2    74.4   139.9   166.3   360.6   444.5   493.5   532.2   582.9   657.6   787.1  1681.5  6070.1 18638.2  82070.5    82043
read      371.5   421.5    74.4   127.1   148.6   339.8   422.7   468.9   504.0   545.4   597.3   676.1   861.1  4014.4 13911.8  53072.9    52873
read      327.3   518.1    80.4   125.5   143.9   297.6   355.1   389.1   412.5   438.5   469.8   522.0   685.8  9221.4 26367.1  13938.1    13911
read      371.4   436.6    74.4   127.7   149.1   340.2   422.5   468.5   502.7   543.3   594.1   669.5   839.1  4349.2 17113.8  50057.1    49984
read      322.1   657.9    80.4   130.5   150.1   285.8   324.0   345.7   364.0   385.7   414.1   459.6   631.2 10178.5 25652.3   9261.1     9274
read      392.2   351.8    74.4   129.8   150.6   321.7   415.9   478.0   526.7   592.0   729.2   930.9  1214.9  2934.1  9819.9  27132.4    27187
read      370.3   431.8    80.4   131.3   151.4   317.9   401.8   451.0   488.2   538.5   621.7   750.8   979.2  5712.3 18044.2  18664.0    18735
read      352.6   210.9    74.4   133.7   156.1   323.2   402.6   448.7   482.9   525.9   583.3   678.2   868.1  1174.2  7021.5  86533.0    86505
read      352.9   229.5    74.4   135.4   158.0   321.4   400.6   447.6   482.0   524.4   581.3   675.4   865.9  1187.8  9532.1  93019.8    93039
read      353.2   226.7    74.4   132.4   153.7   323.0   404.0   451.1   485.9   529.1   586.3   677.6   868.3  1547.8  7407.6  76074.1    75999
read      336.7   228.1    74.4   130.5   149.8   315.5   388.3   431.7   463.5   500.3   543.5   603.5   742.5  1437.1  8726.0  32394.7    32324
read      351.0   215.0    68.9   133.5   155.2   321.1   399.9   446.4   481.4   524.0   581.1   673.5   862.0  1445.7  7281.1  84285.5    84255
read      352.5   220.9    68.9   133.8   155.6   323.3   402.1   448.7   483.1   526.3   583.9   673.9   859.7  1310.7  7766.2  81896.8    81759
read      342.6   242.6    68.9   134.6   154.7   322.9   392.7   434.4   465.8   503.6   548.2   613.8   765.4  1455.0 10694.5  37308.4    37291
read      352.7   214.0    74.4   137.6   158.1   331.6   406.8   450.2   481.9   520.2   568.9   638.9   808.3  1495.6  7434.1  53830.3    53818
read      336.7   255.3    74.4   130.5   149.7   316.1   387.2   429.4   460.6   497.0   540.3   600.2   734.5  1468.3 10983.6  30218.5    30297
read      337.5   224.1    74.4   130.7   150.1   317.0   388.2   430.4   462.0   499.0   543.3   606.6   749.1  1489.9  9202.1  31558.0    31569

Total QPS = 51728.9 (34141088 / 660.0s)

Total connections = 64
Misses = 0 (0.0%)
Skipped TXs = 0 (0.0%)

RX 8432848983 bytes :   12.2 MB/s
TX          0 bytes :    0.0 MB/s
Warning! Detected max cpu usage > 95%
CPU Usage Stats (avg/min/max): 99.96%,50.00%,100.00%
