slowdown:
               canneal     dedup    ferret  freqmine   no     radix      vips  blackscholes
blackscholes  1.409392  1.199648  1.518633  1.779361  1.0  1.457713  1.175328           NaN
dedup         1.132776       NaN  1.287845  1.808540  1.0  1.208262  1.288337      1.251127
ferret        1.252577  1.245627       NaN  1.881915  1.0  1.337938  1.395374      1.297827
freqmine      1.404724  1.476002  1.576981       NaN  1.0  1.245713  1.420731      1.433346
radix         1.068054  1.035267  1.078519  1.067510  1.0       NaN  1.076039      1.076281
vips          1.454941  1.161656  1.703250  1.643161  1.0  1.380366       NaN      1.048111
canneal            NaN  1.120491  1.188216  1.705994  1.0  1.140608  1.154533      1.087491


times:
              canneal    dedup   ferret  freqmine       no    radix     vips  blackscholes
blackscholes   52.910   45.036   57.011    66.799   37.541   54.724   44.123           NaN
dedup          13.821      NaN   15.713    22.066   12.201   14.742   15.719        15.265
ferret        165.285  164.368      NaN   248.330  131.956  176.549  184.128       171.256
freqmine      231.507  243.254  259.896       NaN  164.806  205.301  234.145       236.224
radix          17.656   17.114   17.829    17.647   16.531      NaN   17.788        17.792
vips           44.092   35.204   51.617    49.796   30.305   41.832      NaN        31.763
canneal           NaN  121.422  128.761   184.870  108.365  123.602  125.111       117.846
