just schedule:

ubuntu@memcache-server-kkf4:~$ sudo python3 scheduler.py
2024-05-17T05:45:30.213384 start scheduler
2024-05-17T05:45:30.213434 start freqmine [0,1,2,3] 4
2024-05-17T05:47:38.840122 end freqmine
2024-05-17T05:47:38.840171 start canneal [2,3] 2
2024-05-17T05:47:40.082798 start ferret [0,1] 2
2024-05-17T05:49:44.590289 end canneal
2024-05-17T05:49:44.590339 start blackscholes [2,3] 2
2024-05-17T05:50:33.058417 end ferret
2024-05-17T05:50:33.058463 start vips [0,1] 2
2024-05-17T05:51:01.217193 end blackscholes
2024-05-17T05:51:01.217241 start dedup [2,3] 2
2024-05-17T05:51:27.011819 end vips
2024-05-17T05:51:27.017605 update_cores dedup [2,3,0,1]
2024-05-17T05:51:28.020343 end dedup
2024-05-17T05:51:28.020386 start radix [2,3] 2
2024-05-17T05:51:29.256318 update_cores radix [2,3,0,1]
2024-05-17T05:51:45.300716 end radix


--------------------------------------------------------------------------------


first proper run:

ubuntu@memcache-server-kkf4:~$ sudo python3 scheduler.py
2024-05-17T06:09:32.346893 start scheduler
2024-05-17T06:09:32.346952 start freqmine [0,1,2,3] 4
2024-05-17T06:12:28.281904 end freqmine
2024-05-17T06:12:28.281944 start canneal [2,3] 2
2024-05-17T06:12:29.529638 start ferret [0,1] 2
2024-05-17T06:15:08.421241 end canneal
2024-05-17T06:15:08.421286 start blackscholes [2,3] 2
2024-05-17T06:16:23.970363 end blackscholes
2024-05-17T06:16:23.970413 start dedup [2,3] 2
2024-05-17T06:16:53.253484 end dedup
2024-05-17T06:16:53.253590 start radix [2,3] 2
2024-05-17T06:17:19.796485 end radix
2024-05-17T06:17:19.825164 update_cores ferret [0,1,2,3]
2024-05-17T06:18:02.969649 end ferret
2024-05-17T06:18:02.969692 start vips [0,1] 2
2024-05-17T06:18:04.285719 update_cores vips [0,1,2,3]
2024-05-17T06:18:49.977666 end vips


ubuntu@client-measure-71h2:~/memcache-perf-dynamic$ ./mcperf -s 10.0.16.4 -a 10.0.16.2 --noload -T 16 -C 4 -D 4 -Q 1000 -c 4 -t 600 --qps_interval 10 --qps_min 5000 --qps_max 100000 --qps_seed 3274
Random waveform, supplied seed
Total number of intervals = 60 (7434, 67201, 85927, 63953, 31595, 87879, 7287, 62295, 6561, 22532, 60653, 59076, 60154, 22964, 8172, 27652, 37594, 24367, 33771, 84944, 85666, 51918, 34406, 28664, 38289, 20658, 13840, 93419, 98284, 71313, 42089, 46458, 30755, 42889, 93552, 65694, 29574, 51355, 67361, 16287, 81508, 87619, 99068, 51267, 11822, 97494, 97350, 55460, 85984, 82043, 52873, 13911, 49984, 9274, 27187, 18735, 86505, 93039, 75999, 32324)
Average QPS expected = 51565
Timestamp start: 1715926161689 = 06:09:21
Timestamp end: 1715926762317 = 06:19:22

#type       avg     std     min      p5     p10     p50     p67     p75     p80     p85     p90     p95     p99    p999   p9999      QPS   target
read      317.0   457.6    74.4   146.5   168.6   293.0   328.2   349.0   366.3   387.5   416.9   469.0   647.9  7027.7 21023.4   7391.1     7434
read      385.6   407.5    68.9   129.2   150.5   330.1   421.2   473.8   512.9   561.7   628.8   747.2  1404.8  4388.1 13672.3  67108.8    67201
read      381.0   423.2    74.4   130.2   152.4   322.5   406.9   458.5   497.3   544.2   609.8   726.3  1595.9  5488.2 13778.2  85869.9    85927
read      347.8   265.7    74.4   123.9   143.8   318.5   403.3   451.9   486.8   528.1   579.7   659.3   828.1  1278.8 11078.9  63968.2    63953
read      331.4   232.9    74.4   119.6   137.9   302.8   380.8   427.6   461.1   499.5   546.4   618.7   846.8  1481.9  7237.4  31676.8    31595
read      377.4   424.7    74.4   130.1   152.3   321.8   404.5   455.1   492.8   539.9   604.0   716.3  1502.6  5457.8 14259.8  87772.6    87879
read      313.3   650.8    86.8   127.4   152.3   276.1   312.8   336.1   354.9   378.3   411.6   463.9   648.6  9627.7 33951.3   7257.7     7287
read      340.8   205.5    74.4   122.1   141.7   312.9   397.4   445.3   478.9   518.8   569.8   646.9   805.3  1325.6  6727.4  62303.2    62295
read      300.0   342.8    80.4   129.6   158.4   277.3   316.0   341.0   361.1   385.6   417.9   467.2   627.0  4133.9 14449.7   6551.4     6561
read      328.8   423.8    74.4   117.9   136.0   291.8   365.6   409.0   438.9   470.9   512.4   584.5   869.1  5799.2 13323.0  22423.7    22532
read      341.4   204.8    74.4   121.7   141.3   314.5   398.9   446.7   480.4   520.2   571.8   650.6   815.4  1208.0  5649.9  60753.3    60653
read      347.5   310.7    74.4   122.6   142.5   316.7   400.8   449.0   483.7   524.7   576.9   655.8   819.0  1423.9 13827.0  59016.9    59076
read      346.7   354.5    74.4   122.3   142.1   314.7   398.8   446.6   480.5   521.2   572.7   651.4   815.9  1491.5 13762.2  60128.5    60154
read      318.2   279.9    74.4   118.0   136.2   295.8   370.5   413.1   442.2   473.3   510.7   566.7   682.3  1433.2 11972.4  22958.2    22964
read      292.0   347.4    80.4   127.9   148.0   274.1   310.3   331.2   346.6   368.0   395.4   439.8   586.4  5387.1 14816.6   8222.6     8172
read      327.6   315.5    74.4   118.3   136.5   301.0   379.3   425.4   457.2   492.4   534.3   591.5   718.3  1488.1 12335.2  27641.4    27652
read      336.0   239.2    74.4   120.4   140.1   311.3   391.5   437.5   470.1   508.6   554.8   620.5   746.9  1333.9  7871.5  37439.5    37594
read      343.1   560.8    74.4   116.5   134.8   295.2   372.0   418.6   450.6   485.5   529.7   601.4   965.3  9647.7 26973.4  24441.0    24367
read      365.0   451.7    74.4   124.5   144.1   313.9   396.4   444.7   480.3   523.8   580.3   684.0  1244.3  4861.5 14644.1  33772.0    33771
read      422.9   507.2    74.4   137.9   162.6   344.6   434.3   488.8   530.7   583.1   661.6   822.4  1842.1  5920.8 17182.7  84761.6    84944
read      447.6   644.0    74.4   140.8   167.4   353.4   444.0   499.6   542.9   597.6   682.7   886.7  2132.7  6191.2 20409.2  85597.4    85666
read      364.8   341.2    74.4   127.7   147.2   325.0   412.7   462.1   498.3   541.1   598.7   697.5  1017.6  2098.3 11966.1  51941.5    51918
read      356.3   330.9    74.4   124.9   143.9   317.7   399.2   447.4   482.2   524.5   580.9   682.6  1148.8  1699.0 15187.3  34391.1    34406
read      340.9   271.1    74.4   123.5   142.2   315.5   394.7   440.8   473.0   509.4   554.6   621.6   779.4  1608.6 11867.7  28651.2    28664
read      354.7   277.4    74.4   125.7   145.6   325.9   410.2   458.4   492.8   532.6   582.7   659.3   835.4  1579.5 12396.3  38344.1    38289
read      335.4   399.5    74.4   122.7   140.9   309.3   384.7   426.7   455.3   486.6   523.7   577.3   695.4  6189.1 18460.2  20625.2    20658
read      339.8  1135.7    80.4   126.2   144.0   298.3   356.4   386.8   407.7   433.0   464.3   508.6   624.1 11893.3 66777.2  13889.5    13840
read      477.1   677.8    80.4   154.5   188.2   390.7   484.9   543.2   588.6   647.4   735.2   916.1  1937.5  5962.8 18556.1  93397.3    93419
read      509.1   796.9    74.4   167.7   207.1   413.2   506.9   565.9   613.4   678.3   776.8   981.9  2050.6  6120.3 31641.3  98230.5    98284
read      366.7   444.3    74.4   128.6   149.0   325.8   413.8   465.1   502.0   545.2   601.7   694.8   928.6  3390.4 16372.9  71447.5    71313
read      354.5   360.3    74.4   124.9   144.9   323.5   406.0   453.8   486.6   525.0   572.8   642.5   794.1  4116.9 15209.3  42162.2    42089
read      371.1   665.9    74.4   126.2   146.9   328.1   412.5   460.6   495.2   535.6   586.0   661.7   836.9  7048.3 25115.9  46410.4    46458
read      345.8   447.1    74.4   123.8   142.9   317.4   394.8   440.4   471.8   508.3   552.5   617.8   743.4  3201.6 17073.3  30766.0    30755
read      358.6   333.5    74.4   126.0   146.3   327.2   411.4   460.0   494.3   534.3   584.6   662.0   843.4  2211.9 16232.2  42789.5    42889
read      484.9   818.4    74.4   150.4   182.8   386.4   483.9   543.0   589.1   650.3   747.0   969.7  1944.5  8285.9 33924.3  93619.0    93552
read      362.4   335.6    74.4   126.5   146.5   319.4   406.5   456.8   493.3   536.8   593.6   692.8  1045.2  2776.7 13349.6  65703.4    65694
read      337.8   375.9    74.4   121.1   139.4   307.0   383.6   428.6   460.9   498.2   543.9   612.0   792.4  3921.8 15887.0  29589.7    29574
read      350.0   375.3    68.9   121.5   142.1   318.0   401.1   448.9   482.9   523.3   573.1   642.1   794.3  3184.7 14717.8  51333.9    51355
read      360.4   390.5    74.4   124.0   144.3   321.8   407.6   458.2   494.9   538.2   592.9   679.7   868.8  5155.1 14997.8  67482.0    67361
read      320.7   418.4    74.4   120.2   138.1   296.5   361.1   395.8   420.1   447.2   479.4   530.6   664.8  7132.3 15872.9  16285.5    16287
read      387.2   641.6    68.9   128.3   150.3   323.8   407.2   458.7   497.1   543.3   606.4   709.3  1073.1  6135.0 31438.2  81466.6    81508
read      445.3   720.4    74.4   139.2   165.0   344.4   432.4   488.7   532.6   587.3   667.9   854.6  2213.3  6390.9 30029.8  87649.4    87619
read      533.0   762.2    74.4   171.0   211.7   440.5   542.7   603.6   650.3   715.3   827.7  1069.0  1974.2  6378.5 30971.7  99088.8    99068
read      364.6   377.4    74.4   125.9   146.2   331.8   419.5   468.4   503.8   545.3   596.3   678.5   858.7  2660.8 15052.3  51351.9    51267
read      335.8   941.1    80.4   128.8   146.6   294.1   342.6   369.5   389.0   411.6   442.5   493.5   662.1  9855.2 57358.4  11823.5    11822
read      458.9   801.4    74.4   148.4   179.5   375.9   464.5   518.1   561.4   619.2   706.1   864.9  1778.6  6639.9 32694.9  97409.8    97494
read      442.0   809.3    74.4   144.6   174.4   364.9   450.0   501.0   541.6   594.2   675.4   815.8  1372.7  7136.1 37628.1  97315.9    97350
read      399.6   456.6    68.9   130.4   151.8   343.8   437.0   492.0   532.7   581.8   648.3   772.6  1508.4  4177.2 16227.5  55496.4    55460
read      535.9   949.8    74.4   148.2   179.8   382.3   480.0   547.9   605.4   684.8   833.7  1538.0  2569.8 12183.7 34672.8  85871.2    85984
read      570.5   909.9    74.4   148.2   181.2   384.6   488.7   566.1   633.6   741.8  1147.3  1703.5  2812.3 11036.0 25807.4  82077.1    82043
read      414.3   540.6    74.4   129.0   149.2   322.3   412.0   468.3   514.8   576.1   678.0  1092.6  1731.5  5839.4 18863.2  52871.9    52873
read      402.9   876.8    74.4   127.4   146.5   324.0   404.2   456.2   494.5   539.3   592.6   671.9   929.3 12908.7 33928.4  13920.7    13911
read      396.1   542.7    74.4   131.4   151.0   325.2   412.6   465.8   506.1   556.9   631.9   816.5  1556.8  6417.8 17593.4  49907.9    49984
read      453.4  1363.3    74.4   133.1   154.6   309.0   371.8   409.6   437.7   470.5   517.1   615.5  4141.2 21407.5 40132.9   9276.2     9274
read      419.1   935.1    74.4   127.2   145.3   317.4   413.7   472.4   517.1   575.9   679.8   889.0  1227.7 13944.8 34113.7  27113.0    27187
read      448.7  1168.2    74.4   129.9   148.5   330.2   432.9   491.0   538.9   603.8   687.3   802.6  1362.4 16913.8 38466.8  18776.2    18735
read      370.4   552.1    74.4   133.4   154.8   319.7   403.0   453.2   490.6   536.0   595.0   695.4  1026.1  4186.1 21769.7  86460.6    86505
read      343.1   247.1    68.9   133.0   154.0   310.1   389.0   436.3   471.4   514.2   569.8   655.1   841.1  1200.7  9869.2  93117.3    93039
read      350.1   305.3    68.9   131.2   151.6   314.9   397.7   446.8   482.8   525.7   580.4   667.8   863.9  1582.9 13789.0  75944.5    75999
read      340.3   341.1    68.9   129.7   147.9   308.5   384.9   429.7   462.3   500.1   545.1   610.6   769.7  4514.5 13704.5  32367.3    32324

Total QPS = 51557.0 (30934216 / 600.0s)

Total connections = 64
Misses = 0 (0.0%)
Skipped TXs = 0 (0.0%)

RX 7640751105 bytes :   12.1 MB/s
TX          0 bytes :    0.0 MB/s
Warning! Detected max cpu usage > 95%
CPU Usage Stats (avg/min/max): 100.00%,49.25%,100.00%






-----------------------------------------------------------------------
second run, added multiple core option functionality (for vips especially)


ubuntu@memcache-server-kkf4:~$ sudo python3 scheduler.py
2024-05-17T06:53:10.145762 start scheduler
2024-05-17T06:53:10.145810 start freqmine [0,1,2,3] 4
2024-05-17T06:56:05.053151 end freqmine
2024-05-17T06:56:05.053191 start canneal [2,3] 2
2024-05-17T06:56:06.334258 start ferret [0,1] 2
2024-05-17T06:58:41.126649 end canneal
2024-05-17T06:58:41.126693 start blackscholes [2,3] 2
2024-05-17T06:59:56.100938 end blackscholes
2024-05-17T06:59:56.101006 start dedup [2,3] 2
2024-05-17T07:00:24.485219 end dedup
2024-05-17T07:00:24.485274 start radix [2,3] 2
2024-05-17T07:00:48.908374 end radix
2024-05-17T07:00:48.908425 start vips [2,3] 2
2024-05-17T07:01:56.612611 end vips
2024-05-17T07:01:56.635770 update_cores ferret [0,1,2,3]
2024-05-17T07:02:12.682225 end ferret

ubuntu@client-measure-71h2:~/memcache-perf-dynamic$ ./mcperf -s 10.0.16.4 -a 10.0.16.2 --noload -T 16 -C 4 -D 4 -Q 1000 -c 4 -t 600 --qps_interval 10 --qps_min 5000 --qps_max 100000 --qps_seed 3274
Random waveform, supplied seed
Total number of intervals = 60 (7434, 67201, 85927, 63953, 31595, 87879, 7287, 62295, 6561, 22532, 60653, 59076, 60154, 22964, 8172, 27652, 37594, 24367, 33771, 84944, 85666, 51918, 34406, 28664, 38289, 20658, 13840, 93419, 98284, 71313, 42089, 46458, 30755, 42889, 93552, 65694, 29574, 51355, 67361, 16287, 81508, 87619, 99068, 51267, 11822, 97494, 97350, 55460, 85984, 82043, 52873, 13911, 49984, 9274, 27187, 18735, 86505, 93039, 75999, 32324)
Average QPS expected = 51565
Timestamp start: 1715928781482
Timestamp end: 1715929382045

#type       avg     std     min      p5     p10     p50     p67     p75     p80     p85     p90     p95     p99    p999   p9999      QPS   target
read      315.1   416.2    86.8   151.8   176.3   291.1   323.7   344.4   361.1   380.5   406.3   456.3   654.2  5975.0 15545.6   7405.1     7434
read      363.5   286.7    68.9   127.2   148.1   325.6   411.2   460.6   497.3   541.3   599.0   694.0  1002.9  2174.9  9977.2  67247.2    67201
read      394.0   486.9    74.4   131.7   155.5   334.4   415.6   465.1   504.0   553.0   623.7   740.9  1622.2  5748.2 16821.4  85825.5    85927
read      348.0   221.8    68.9   122.6   143.0   321.4   402.6   450.7   485.9   528.2   581.8   663.3   826.6  1200.9  8885.5  63968.5    63953
read      339.7   240.8    74.4   119.2   138.1   306.3   384.7   432.7   467.6   507.4   556.6   641.0  1011.5  1488.6  7834.6  31556.0    31595
read      375.0   341.3    74.4   130.9   153.7   329.2   410.3   458.8   495.7   541.7   605.1   712.3   997.7  5339.1  9498.2  87827.0    87879
read      286.2   441.4    74.4   126.3   147.4   262.4   296.8   317.0   333.6   354.0   382.6   430.4   571.3  6228.0 14901.9   7292.3     7287
read      346.5   209.9    74.4   122.3   142.4   320.6   403.0   451.4   486.3   528.0   579.8   654.9   817.2  1201.9  6680.6  62328.8    62295
read      273.9   356.0    80.4   127.3   149.0   253.5   283.5   300.7   313.6   329.8   353.2   396.0   549.0  5007.2 14353.9   6549.1     6561
read      315.7   242.4    74.4   118.5   137.0   294.5   367.0   409.1   437.7   468.5   504.2   552.8   653.3  1481.8 10665.1  22472.8    22532
read      360.7   359.7    74.4   124.0   144.8   329.2   413.6   462.2   497.8   540.2   592.5   674.0   849.3  2458.3 15799.2  60643.9    60653
read      350.2   249.7    74.4   122.9   143.6   324.3   406.9   454.5   489.6   531.4   582.3   656.3   807.5  1253.5 11178.2  59104.6    59076
read      355.3   369.8    74.4   122.6   143.4   324.0   407.1   455.1   490.1   531.4   582.9   660.8   834.1  1982.9 13456.1  60057.5    60154
read      331.2   447.1    74.4   118.2   136.8   295.4   370.3   415.1   444.7   476.4   515.5   577.7   864.0  5807.2 18916.8  23043.2    22964
read      292.2   614.1    80.4   123.6   142.6   262.0   295.7   314.6   329.4   347.5   372.7   415.8   552.6  9465.4 30594.8   8207.8     8172
read      315.8   212.2    74.4   117.2   135.1   294.7   366.3   410.2   441.0   474.5   514.0   569.2   679.7  1376.9  7949.4  27721.7    27652
read      329.8   213.6    74.4   120.0   139.6   308.4   382.2   426.1   458.0   495.5   540.3   602.2   735.7  1378.2  7382.4  37551.3    37594
read      316.9   232.0    74.4   118.5   137.3   294.9   366.2   409.0   439.2   470.9   509.3   565.9   681.5  1457.4  9419.3  24422.1    24367
read      368.2   348.3    74.4   128.8   148.9   322.3   401.4   449.9   485.8   529.5   586.2   699.6  1267.4  3944.4 12367.2  33748.4    33771
read      465.4   694.7    74.4   144.2   172.5   364.2   454.5   510.2   556.1   617.4   711.1   932.6  2080.8  8189.2 22070.1  84794.0    84944
read      446.2   524.0    74.4   143.1   170.7   359.1   449.8   504.7   547.1   601.9   683.4   865.0  2108.2  5949.5 13491.6  85656.4    85666
read      359.3   235.7    74.4   128.8   149.5   330.5   412.4   460.1   495.6   537.2   588.9   669.8   893.6  1827.7  6709.6  51945.0    51918
read      344.7   211.1    74.4   127.0   146.8   319.4   395.3   441.2   474.3   513.5   561.4   632.2   843.3  1535.1  6646.1  34420.6    34406
read      333.4   229.8    74.4   123.0   142.1   312.3   386.1   430.6   462.3   498.6   540.4   595.8   723.7  1377.8  9534.4  28677.2    28664
read      353.5   227.0    74.4   127.0   147.9   332.9   411.7   456.8   489.8   529.0   576.8   641.7   786.8  1340.9  7729.1  38201.3    38289
read      319.4   231.7    74.4   122.9   141.4   299.8   370.3   411.7   439.6   469.4   505.2   553.4   665.3  1435.3  8618.0  20646.0    20658
read      308.7   342.4    80.4   126.8   145.0   291.6   347.3   379.2   401.6   427.4   457.9   503.1   627.4  3265.7 16568.9  13770.5    13840
read      448.2   474.0    74.4   150.8   182.7   382.3   467.2   518.3   559.7   617.3   704.2   857.1  1700.8  5902.9 10813.0  93393.5    93419
read      520.9   514.2    74.4   186.7   232.8   444.1   533.3   590.6   639.1   709.0   807.2   973.2  1822.8  5945.6 15467.2  98323.9    98284
read      378.8   352.2    74.4   129.9   151.2   334.2   420.4   470.5   508.2   554.7   619.2   723.1   980.4  5740.0  9556.7  71334.6    71313
read      361.0   298.1    74.4   127.0   148.3   335.1   415.9   461.4   495.7   536.5   586.4   659.7   821.8  2050.6 10895.8  42081.7    42089
read      369.3   459.3    74.4   127.7   149.1   336.0   419.2   465.5   499.8   540.0   591.1   668.5   843.6  3840.4 16261.9  46432.4    46458
read      339.5   229.2    74.4   124.6   144.2   316.6   392.2   436.8   468.3   505.3   549.7   614.4   755.2  1398.0  8557.9  30713.8    30755
read      351.2   238.9    74.4   126.4   147.0   323.8   401.5   447.2   480.2   520.0   568.8   640.9   906.3  1721.7  9283.7  42879.0    42889
read      458.7   548.6    68.9   148.5   179.7   372.3   462.1   518.8   563.5   621.5   704.8   881.6  2004.9  5979.6 14772.3  93458.9    93552
read      352.1   239.1    74.4   125.8   145.7   321.5   404.4   452.5   487.6   529.6   584.2   673.0   870.7  1797.9  7588.4  65615.1    65694
read      331.7   242.0    74.4   120.1   138.9   306.6   383.0   428.4   460.6   497.2   541.0   605.0   772.4  1459.4  9682.1  29510.4    29574
read      352.4   213.6    74.4   123.5   144.4   327.2   411.1   459.3   494.3   535.5   586.3   661.5   824.0  1327.4  7193.5  51456.1    51355
read      360.0   300.8    74.4   124.9   145.3   325.5   412.7   462.8   499.8   543.5   599.0   688.0   890.3  2268.7 10608.6  67364.2    67361
read      314.4   317.8    74.4   121.2   139.8   296.1   359.3   394.2   418.5   445.3   476.7   525.6   650.7  3960.0 12698.3  16273.6    16287
read      407.2   467.6    74.4   134.8   158.8   340.3   425.0   476.6   517.6   568.9   639.1   766.6  1732.6  5913.7 12967.4  81500.6    81508
read      477.5   549.9    74.4   149.9   180.7   385.0   483.1   544.6   593.8   659.7   758.1   985.6  2006.2  5959.0 17450.9  87464.4    87619
read      478.5   420.5    74.4   168.7   209.0   420.7   505.3   557.9   602.5   667.4   764.1   915.8  1381.5  5792.3 10594.0  99268.3    99068
read      377.1   271.5    74.4   129.5   151.1   344.5   430.3   478.2   513.8   557.2   615.0   709.8  1012.9  2431.0  9915.3  51340.4    51267
read      303.3   439.0    80.4   124.7   142.0   281.6   325.3   351.1   370.1   393.2   422.8   466.3   612.3  6571.9 19129.4  11900.0    11822
read      430.4   563.3    74.4   145.5   175.5   365.1   449.0   498.6   538.4   591.0   673.7   812.3  1188.4  5957.6 18893.0  97390.3    97494
read      595.5   583.2    80.4   209.1   274.6   530.1   620.2   674.7   723.5   806.5   953.0  1151.5  1523.5  6614.2 21769.7  97245.0    97350
read      367.5   243.8    74.4   128.5   149.1   336.3   422.6   472.3   510.2   556.7   616.4   704.1   918.2  1698.0  8762.7  55254.6    55460
read      417.9   474.3    74.4   138.9   164.9   353.4   439.4   490.9   531.4   583.2   657.7   788.1  1613.5  5897.6 12839.0  86007.5    85984
read      417.8   465.4    74.4   137.5   162.6   350.2   436.9   489.6   530.9   583.4   658.0   792.2  1777.4  5866.0 12336.0  82060.0    82043
read      365.2   229.6    74.4   128.3   149.2   337.3   423.7   473.5   510.3   555.0   611.2   690.2   866.2  1387.4  7427.1  52759.5    52873
read      311.9   297.2    74.4   126.8   145.1   297.7   352.5   382.6   403.8   429.3   460.7   507.9   647.2  3187.2 13188.5  13944.4    13911
read      360.2   250.4    74.4   127.5   148.4   331.4   414.4   462.6   498.7   541.7   594.2   673.5   857.8  1689.4  9925.0  49910.1    49984
read      330.1   311.2    80.4   133.5   155.8   302.2   350.0   382.6   409.8   444.1   487.6   554.7   822.9  4062.4 10943.3   9267.0     9274
read      410.2   484.1    74.4   130.4   150.3   324.1   428.3   500.3   562.7   652.3   780.9   942.7  1214.1  5862.6 16872.9  27074.0    27187
read      314.2   267.1    74.4   131.4   149.2   301.7   362.1   394.6   418.0   444.4   476.3   528.5   646.8  1768.9 13203.7  18721.4    18735
read      350.7   209.5    74.4   133.3   154.9   319.0   398.5   446.3   482.4   527.1   584.7   676.8   869.3  1242.2  6367.0  86540.7    86505
read      348.0   213.1    74.4   134.4   156.2   316.9   395.1   442.0   477.5   521.1   577.7   666.8   856.3  1178.6  7082.4  93130.8    93039
read      351.2   221.1    68.9   131.7   152.6   320.0   400.5   448.9   484.6   528.2   584.9   677.1   877.8  1333.3  8654.9  76039.3    75999
read      330.8   232.6    74.4   130.1   148.7   309.3   377.9   419.7   450.8   487.5   533.0   596.8   742.0  1447.7  9266.4  32292.0    32324

Total QPS = 51550.5 (30930312 / 600.0s)

Total connections = 64
Misses = 0 (0.0%)
Skipped TXs = 0 (0.0%)

RX 7639787311 bytes :   12.1 MB/s
TX          0 bytes :    0.0 MB/s
Warning! Detected max cpu usage > 95%
CPU Usage Stats (avg/min/max): 99.95%,48.72%,100.00%


----------------------------------------------------------------------------------
some other random trace, no code changes

ubuntu@memcache-server-kkf4:~$ sudo python3 scheduler.py
2024-05-17T07:11:04.567794 start scheduler
2024-05-17T07:11:04.567850 start freqmine [0,1,2,3] 4
2024-05-17T07:14:09.513070 end freqmine
2024-05-17T07:14:09.513140 start canneal [2,3] 2
2024-05-17T07:14:10.818695 start ferret [0,1] 2
2024-05-17T07:16:49.678343 end canneal
2024-05-17T07:16:49.678386 start blackscholes [2,3] 2
2024-05-17T07:18:07.837654 end blackscholes
2024-05-17T07:18:07.837708 start dedup [2,3] 2
2024-05-17T07:18:39.364646 end dedup
2024-05-17T07:18:39.364709 start radix [2,3] 2
2024-05-17T07:19:03.830509 end radix
2024-05-17T07:19:03.830589 start vips [2,3] 2
2024-05-17T07:20:11.557541 end vips
2024-05-17T07:20:11.585212 update_cores ferret [0,1,2,3]
2024-05-17T07:20:14.594249 end ferret



ubuntu@client-measure-71h2:~/memcache-perf-dynamic$ ./mcperf -s 10.0.16.4 -a 10.0.16.2 --noload -T 16 -C 4 -D 4 -Q 1000 -c 4 -t 600 --qps_interval 10 --qps_min 5000 --qps_max 100000 --qps_seed 1234
Random waveform, supplied seed
Total number of intervals = 60 (5917, 35176, 44613, 97559, 46305, 23586, 10040, 73314, 28918, 44050, 27949, 96185, 44069, 67891, 97311, 66756, 23843, 52460, 17817, 50917, 21881, 50367, 80735, 20071, 21145, 26861, 51046, 93924, 37606, 30574, 36912, 57478, 87368, 59267, 35880, 8898, 69222, 44003, 94317, 83656, 85372, 49372, 77482, 65907, 97526, 70969, 46540, 74220, 54791, 55511, 86186, 54497, 44298, 27329, 36635, 49641, 39434, 72249, 96470, 74959)
Average QPS expected = 53754
Timestamp start: 1715929856296
Timestamp end: 1715930456819

#type       avg     std     min      p5     p10     p50     p67     p75     p80     p85     p90     p95     p99    p999   p9999      QPS   target
read      313.2   601.1    86.8   151.7   179.2   276.9   308.8   326.6   340.9   359.6   385.6   434.9   734.6  7737.7 31103.0   5899.1     5917
read      357.6   473.5    74.4   121.8   140.7   302.8   379.9   430.1   467.6   512.5   571.4   689.5  1222.8  6567.4 14169.6  35209.5    35176
read      338.5   441.2    74.4   121.1   140.8   306.0   381.7   428.0   462.0   501.9   549.3   621.3   799.7  1694.8 14559.8  44487.0    44613
read      377.4   429.8    74.4   134.2   157.5   321.5   399.9   448.4   486.3   534.6   600.5   708.5  1017.2  5856.4 14609.6  97507.7    97559
read      331.5   236.5    74.4   120.7   140.3   304.9   380.7   426.8   460.8   500.1   547.5   617.5   770.9  1474.2  8576.9  46293.5    46305
read      307.5   238.8    68.9   116.8   134.5   285.1   355.7   398.4   427.8   459.1   495.3   545.1   656.6  1450.8  9576.4  23672.6    23586
read      277.3   278.1    80.4   124.9   142.5   267.8   304.3   323.4   339.3   358.2   383.1   425.4   539.1  3125.6 12530.9  10011.5    10040
read      341.7   241.3    74.4   123.8   143.7   306.1   383.7   431.2   467.9   513.3   572.1   658.9   873.1  2335.2  7404.4  73181.2    73314
read      310.6   223.5    74.4   117.0   134.7   287.4   356.4   400.5   432.9   467.7   507.8   565.3   684.8  1353.8 10255.2  28967.3    28918
read      332.4   309.2    74.4   120.7   140.4   304.4   378.3   423.7   457.3   497.0   544.9   615.0   778.3  1485.0 13165.7  44053.0    44050
read      325.1   452.4    74.4   118.4   136.6   289.7   360.5   405.2   437.3   472.2   515.8   579.5   793.8  4299.3 27906.0  27912.5    27949
read      412.5   499.7    74.4   138.5   165.1   343.5   419.9   466.8   507.1   564.0   644.4   779.3  1777.4  5942.3 14139.1  96148.5    96185
read      345.2   390.3    74.4   122.3   142.4   308.4   384.7   431.3   465.8   506.4   556.6   634.2   911.0  2737.0 14368.8  43965.2    44069
read      343.8   378.5    68.9   122.5   142.1   308.5   385.3   431.9   467.7   512.8   569.4   648.6   831.8  2159.5 13832.0  67901.9    67891
read      379.4   468.7    74.4   134.4   158.7   325.8   401.1   446.6   482.8   531.3   599.4   711.9   992.8  5836.0 14430.8  97070.5    97311
read      341.1   360.1    68.9   122.2   141.9   308.4   384.8   431.2   466.3   508.7   562.3   637.3   804.5  1742.5 13805.6  66861.3    66756
read      318.6   505.4    74.4   116.7   134.7   281.2   349.2   392.3   421.8   454.3   493.0   549.4   777.1  8046.6 28353.4  23845.7    23843
read      335.1   245.4    74.4   122.0   141.9   308.4   385.2   430.6   464.4   504.1   551.6   621.8   779.3  1338.0 10164.6  52422.5    52460
read      298.4   257.8    74.4   119.5   137.1   281.9   343.3   378.6   402.7   429.9   461.6   505.9   604.2  1677.3 10146.3  17826.2    17817
read      397.3   539.8    74.4   130.9   151.4   327.0   411.5   463.7   503.0   550.9   621.7   784.9  1689.8  6197.6 25940.7  50881.9    50917
read      314.6   230.8    74.4   124.8   142.4   293.9   363.1   403.0   431.4   461.8   499.5   552.2   682.4  1468.5  9210.6  21804.7    21881
read      350.5   222.2    74.4   129.0   148.7   318.8   398.0   445.9   481.2   524.0   577.6   661.0   903.8  1735.9  6830.1  50433.6    50367
read      395.1   447.9    74.4   134.8   157.0   329.0   408.4   458.7   498.8   551.2   626.5   748.9  1712.1  5867.4 11103.9  80688.2    80735
read      312.0   240.0    74.4   124.7   142.5   292.2   359.5   398.9   426.2   455.8   490.9   540.8   648.1  1571.9  9872.3  20012.8    20071
read      313.4   240.4    74.4   123.2   141.2   291.6   360.7   402.1   431.1   461.6   498.2   548.8   675.4  1431.1 11443.4  21164.3    21145
read      326.9   256.5    74.4   127.6   146.7   300.0   371.3   417.2   449.6   485.3   528.0   587.3   727.5  1577.8  9672.4  26822.4    26861
read      352.1   270.6    74.4   129.7   150.4   322.8   402.5   450.0   485.1   527.5   580.6   658.6   834.2  1293.5 11655.4  51084.3    51046
read      420.6   491.9    74.4   145.3   172.9   349.5   428.5   479.0   521.4   577.1   653.2   776.2  1773.1  5924.7 12621.3  93928.3    93924
read      343.7   432.2    74.4   124.8   144.2   311.3   385.7   431.7   465.2   504.5   550.9   620.0   778.9  2701.9 15870.5  37638.3    37606
read      335.0   224.7    74.4   124.1   142.8   308.6   385.7   433.0   467.0   505.3   550.7   618.2   761.4  1419.5  8080.4  30657.2    30574
read      343.6   279.9    74.4   126.2   145.9   316.4   392.5   438.9   473.6   515.3   564.9   635.8   796.8  1408.2 13148.3  36924.2    36912
read      359.9   311.4    74.4   128.9   148.6   324.0   408.1   459.4   497.3   542.5   600.4   685.6   896.8  1790.2 13826.8  57388.2    57478
read      413.8   524.5    74.4   138.6   163.4   342.1   423.0   472.0   513.7   570.4   648.1   781.5  1758.4  5948.1 16058.3  87318.8    87368
read      352.5   265.2    74.4   126.6   145.7   321.2   404.8   455.2   492.4   536.5   590.5   672.6   851.5  1273.3 11459.0  59273.7    59267
read      333.3   219.4    74.4   125.3   143.7   306.4   380.4   427.5   461.6   501.4   547.6   617.2   785.7  1457.0  7687.2  35997.6    35880
read      286.9   353.7    80.4   129.7   147.9   271.6   307.0   326.7   342.9   363.9   392.3   436.2   562.1  4059.4 15124.7   8901.0     8898
read      345.0   240.2    74.4   126.4   145.6   312.1   389.6   437.1   474.3   520.6   577.9   662.7   857.7  1905.9  6818.7  69248.7    69222
read      336.1   212.9    74.4   122.8   142.7   311.0   386.8   432.5   466.4   506.3   553.9   624.0   791.9  1438.7  7602.7  44017.2    44003
read      399.1   502.3    74.4   136.7   161.7   335.0   410.3   456.8   495.0   546.5   622.6   742.9  1550.2  5923.8 17729.9  94288.8    94317
read      377.2   462.3    74.4   129.4   151.2   321.9   398.9   445.3   482.8   532.4   600.0   710.5  1008.8  5885.0 15770.4  83640.2    83656
read      378.4   506.2    68.9   129.6   151.3   320.0   395.9   440.9   477.7   527.4   595.0   707.8  1018.2  5915.5 16105.9  85454.5    85372
read      340.9   365.4    74.4   122.0   141.9   309.3   385.3   430.5   464.3   504.3   552.8   625.3   799.6  2431.7 13804.0  49441.0    49372
read      376.5   390.5    74.4   129.8   150.3   317.6   396.2   445.0   484.8   535.6   603.5   720.2  1629.8  5775.9 10370.6  77418.6    77482
read      360.4   321.8    74.4   128.1   147.6   322.6   404.0   453.9   491.4   537.4   597.0   690.0   922.3  3421.4 13483.6  65812.0    65907
read      454.1   631.8    74.4   152.9   184.5   376.0   457.5   507.4   549.4   609.9   698.4   846.4  1815.3  6770.8 24894.2  97383.9    97526
read      364.4   375.2    74.4   128.2   147.7   317.3   399.0   448.9   487.2   534.7   597.8   698.1  1047.7  5623.0 11256.3  70832.8    70969
read      347.6   297.4    74.4   124.5   144.4   312.6   391.8   439.9   475.6   518.6   572.1   653.0   944.4  1856.7  9971.0  46509.8    46540
read      364.0   394.8    74.4   126.1   145.9   317.1   399.0   449.9   489.2   537.1   598.8   694.9   934.2  5772.5 13273.0  74049.6    74220
read      388.0   412.7    74.4   132.0   153.1   338.2   427.2   480.2   520.3   569.9   635.0   745.7  1162.7  4709.8 13573.5  54813.3    54791
read      350.4   215.5    74.4   126.1   145.9   319.4   400.0   449.3   485.7   529.7   584.1   665.7   868.4  1788.7  6364.5  55625.9    55511
read      417.2   702.0    74.4   136.7   160.8   338.9   418.2   466.8   507.0   561.5   638.2   763.9  1677.5  9817.2 29476.3  86013.1    86186
read      352.3   410.2    74.4   125.6   145.5   316.5   394.7   441.2   476.4   519.0   571.4   645.2   837.2  4028.4 15649.8  54473.6    54497
read      340.0   275.6    74.4   124.2   144.3   313.2   388.3   433.6   467.5   507.7   556.3   625.7   791.8  1462.9 13042.0  44337.6    44298
read      321.4   311.6    74.4   121.3   139.5   295.4   366.0   410.3   441.5   475.8   516.4   574.5   698.0  1846.5 13439.8  27323.1    27329
read      345.0   445.0    74.4   124.7   144.1   310.6   385.2   431.2   465.2   504.8   552.3   621.5   786.6  4013.0 18783.4  36552.6    36635
read      356.8   306.7    74.4   129.1   148.5   315.3   393.0   439.8   475.5   520.0   577.0   676.2  1247.4  2194.0 12323.8  49614.1    49641
read      333.8   225.6    74.4   131.1   149.9   310.3   380.9   423.4   455.5   493.8   541.0   611.0   783.3  1432.2  7937.1  39340.6    39434
read      341.2   206.4    68.9   131.1   150.2   310.6   387.6   433.9   469.0   512.6   571.2   658.4   849.7  1452.9  6430.9  72379.2    72249
read      340.3   204.9    74.4   134.2   155.0   308.1   382.7   428.2   463.4   507.2   567.9   661.3   844.5  1254.7  6732.8  96487.9    96470
read      339.3   207.5    74.4   130.5   149.6   308.6   385.8   432.3   467.6   511.8   569.7   655.9   844.7  1249.1  5954.3  75019.7    74959

Total QPS = 53737.2 (32242340 / 600.0s)

Total connections = 64
Misses = 0 (0.0%)
Skipped TXs = 0 (0.0%)

RX 7963857980 bytes :   12.7 MB/s
TX          0 bytes :    0.0 MB/s
Warning! Detected max cpu usage > 95%
CPU Usage Stats (avg/min/max): 99.97%,49.49%,100.00%


--------------------------------------------------------------------------------

random trace but with 5s this time

ubuntu@memcache-server-kkf4:~$ sudo python3 scheduler.py
2024-05-17T07:28:18.081392 start scheduler
2024-05-17T07:28:18.081444 start freqmine [0,1,2,3] 4
2024-05-17T07:31:23.017463 end freqmine
2024-05-17T07:31:23.017541 start canneal [2,3] 2
2024-05-17T07:31:24.420380 start ferret [0,1] 2
2024-05-17T07:34:22.583121 end canneal
2024-05-17T07:34:22.583192 start blackscholes [2,3] 2
2024-05-17T07:35:37.352796 end blackscholes
2024-05-17T07:35:37.352852 start dedup [2,3] 2
2024-05-17T07:36:00.511608 end dedup
2024-05-17T07:36:00.511689 start radix [2,3] 2
2024-05-17T07:36:24.962778 end radix
2024-05-17T07:36:24.962831 start vips [2,3] 2
2024-05-17T07:37:31.805508 end vips
2024-05-17T07:37:31.834477 update_cores ferret [0,1,2,3]
2024-05-17T07:37:34.922552 end ferret



ubuntu@client-measure-71h2:~/memcache-perf-dynamic$ ./mcperf -s 10.0.16.4 -a 10.0.16.2 --noload -T 16 -C 4 -D 4 -Q 1000 -c 4 -t 660 --qps_interval 5 --qps_min 5000 --qps_max 100000 --qps_seed 1234
Random waveform, supplied seed
Total number of intervals = 132 (5917, 35176, 44613, 97559, 46305, 23586, 10040, 73314, 28918, 44050, 27949, 96185, 44069, 67891, 97311, 66756, 23843, 52460, 17817, 50917, 21881, 50367, 80735, 20071, 21145, 26861, 51046, 93924, 37606, 30574, 36912, 57478, 87368, 59267, 35880, 8898, 69222, 44003, 94317, 83656, 85372, 49372, 77482, 65907, 97526, 70969, 46540, 74220, 54791, 55511, 86186, 54497, 44298, 27329, 36635, 49641, 39434, 72249, 96470, 74959, 37483, 60221, 14907, 70234, 54057, 58889, 45122, 96621, 56405, 5604, 87896, 7984, 92303, 66821, 72290, 16984, 21080, 81349, 72320, 46080, 55024, 71586, 60173, 57617, 44613, 86378, 52602, 20049, 36448, 52322, 77439, 5108, 19518, 41077, 46247, 94422, 53231, 45294, 37065, 61713, 8145, 43954, 44908, 10356, 70596, 45095, 21024, 79895, 53557, 16824, 91946, 42349, 38866, 21155, 11082, 12304, 19547, 55862, 95453, 94992, 31798, 84972, 71646, 27600, 20708, 92155, 39702, 9743, 26428, 85163, 56917, 65842)
Average QPS expected = 51503
Timestamp start: 1715930890288
Timestamp end: 1715931550823

#type       avg     std     min      p5     p10     p50     p67     p75     p80     p85     p90     p95     p99    p999   p9999      QPS   target
read      309.8   367.2    86.8   154.0   181.8   291.0   316.6   333.3   345.3   363.7   388.2   432.2   613.3  5066.6 15106.3   5931.4     5917
read      369.3   281.1    74.4   127.4   146.5   321.4   404.5   455.3   493.7   540.7   609.6   777.6  1225.3  2819.8  7378.7  35081.8    35176
read      356.4   237.7    74.4   119.9   139.8   315.9   402.7   453.6   491.1   536.5   595.8   705.9  1169.0  1750.9  6588.3  44555.6    44613
read      465.7   472.4    74.4   143.4   175.5   376.7   474.6   536.3   582.7   640.9   736.0  1005.8  1939.8  5873.1 11654.7  97560.2    97559
read      340.4   242.8    74.4   117.5   137.0   313.5   393.7   439.3   472.4   513.1   565.1   641.9   842.8  1477.2  9543.6  46285.6    46305
read      318.4   248.4    74.4   113.9   132.3   299.1   374.5   414.0   442.1   473.8   512.1   570.6   698.3  1494.2  9627.0  23539.4    23586
read      301.6   281.9    80.4   129.2   150.5   297.8   334.7   356.0   371.2   390.2   414.1   454.6   569.3  3796.4 12921.0   9990.0    10040
read      368.9   284.7    74.4   123.4   144.4   322.3   408.8   457.8   494.5   540.4   604.3   728.4  1530.6  2603.8  7405.5  73280.4    73314
read      317.1   256.2    74.4   113.4   131.1   296.2   372.4   415.6   446.5   480.3   520.7   579.0   704.2  1401.8  8060.8  29039.4    28918
read      354.7   444.4    74.4   119.8   139.9   317.7   398.5   444.6   477.1   515.5   566.4   648.7   937.3  3498.9 15003.1  44106.8    44050
read      333.5   516.4    68.9   114.4   132.1   301.4   373.9   415.7   446.6   482.2   527.2   589.1   735.1  6545.0 21351.3  27913.0    27949
read      402.5   475.3    74.4   132.5   158.7   345.0   433.7   483.0   520.0   567.7   636.4   774.2  1141.4  5872.2 17015.3  95957.4    96185
read      338.8   225.5    74.4   116.7   136.7   313.6   392.9   437.8   470.3   509.1   558.9   634.3   825.8  1576.6  8435.5  44179.8    44069
read      347.3   340.5    74.4   119.6   139.7   314.2   396.9   442.9   477.1   519.7   576.9   671.6   911.3  1436.8 13889.8  67902.6    67891
read      463.6   488.3    74.4   143.7   175.4   373.0   472.9   535.0   581.1   638.5   729.8   979.7  1943.1  5889.1 12032.0  97258.0    97311
read      343.2   234.1    74.4   120.7   140.3   313.5   396.1   442.8   477.0   518.3   572.8   663.7   883.4  1323.9  9631.8  66722.6    66756
read      310.9   216.0    74.4   112.8   130.4   293.2   362.8   402.0   430.7   463.3   503.0   562.9   685.7  1491.5  7942.5  23957.4    23843
read      345.3   239.7    74.4   119.0   138.8   316.1   399.3   447.8   482.4   524.3   578.2   665.1   862.1  1406.5  8857.5  52471.4    52460
read      302.2   227.3    74.4   114.7   133.5   291.6   351.0   384.8   407.6   435.3   469.2   521.4   630.1  1486.6  9331.4  17844.2    17817
read      341.2   242.1    74.4   117.9   137.4   311.8   391.6   437.8   471.8   513.1   566.5   651.6   875.0  1807.0  6803.6  50796.4    50917
read      324.3   403.3    74.4   115.0   133.8   297.5   366.5   403.8   431.4   463.5   502.7   561.1   693.9  5881.9 12717.7  21799.0    21881
read      359.6   428.3    74.4   118.8   139.0   313.6   394.3   440.7   476.4   521.3   580.2   682.0  1295.9  3259.1 16027.2  50436.6    50367
read      406.2   559.3    74.4   127.4   149.5   332.6   422.0   475.9   517.7   570.1   642.1   799.5  1778.5  5877.6 18714.7  80748.0    80735
read      325.3   488.2    74.4   114.6   132.7   296.8   366.4   404.2   432.1   462.4   500.2   558.2   701.7  8082.2 16213.3  20094.4    20071
read      344.4   466.2    74.4   115.6   133.8   299.3   381.1   428.6   464.5   508.2   574.3   684.6   881.7  4367.0 24183.5  21130.2    21145
read      328.7   458.3    74.4   113.2   131.2   297.5   370.0   412.2   443.4   478.7   522.6   583.4   725.8  6457.2 15423.1  26811.6    26861
read      354.1   317.6    74.4   120.4   140.4   318.6   403.3   452.5   489.2   533.3   589.2   682.5   940.0  1727.7 13633.8  51088.4    51046
read      472.7   518.9    74.4   146.5   178.1   382.5   479.7   541.9   589.8   651.3   744.2   999.2  1970.2  5901.3 15271.0  93948.8    93924
read      347.6   261.7    74.4   117.5   137.1   313.0   395.4   442.7   478.0   520.3   575.5   666.0  1056.0  1733.0 10444.8  37661.0    37606
read      336.0   472.5    74.4   114.8   132.9   303.9   380.2   423.5   455.4   492.1   536.7   600.2   754.0  5871.9 25532.6  30598.6    30574
read      333.3   398.7    74.4   115.3   134.4   304.5   379.9   423.1   454.9   492.4   538.9   605.6   756.3  2295.8 13940.7  36927.0    36912
read      342.9   221.3    74.4   117.0   137.1   312.8   394.4   440.1   473.5   515.8   570.5   656.5   902.2  1887.7  5944.4  57550.2    57478
read      379.0   436.8    74.4   127.6   150.7   324.8   409.0   461.5   500.4   547.3   613.4   722.2  1061.5  5891.4 12837.1  87708.6    87368
read      344.1   242.7    74.4   119.0   138.5   313.0   394.0   439.9   473.9   514.9   569.3   660.4   926.3  1934.8  9266.8  59224.2    59267
read      333.9   323.5    74.4   117.0   135.7   304.0   381.9   427.1   460.4   498.8   545.5   618.4   797.4  2502.5 10125.0  35799.6    35880
read      296.4   351.4    80.4   128.5   149.3   284.9   317.6   337.5   352.4   371.0   397.8   443.4   580.2  4180.8 16640.3   8862.8     8898
read      341.7   222.3    74.4   121.4   140.6   308.4   394.3   442.7   477.4   518.7   574.6   672.7   891.6  1253.1  6954.1  69018.4    69222
read      336.6   237.9    74.4   118.0   137.4   310.0   388.1   433.8   468.1   507.3   557.5   635.4   826.5  1438.1  9686.5  43967.2    44003
read      453.0   476.3    74.4   147.1   177.0   373.2   471.3   533.3   580.7   639.8   730.9   936.3  1832.7  5399.1 17404.9  94308.2    94317
read      542.5   641.5    74.4   147.7   181.7   407.8   513.8   584.9   642.6   739.3   962.8  1612.0  2310.9  6223.4 21837.9  83629.2    83656
read      440.7   497.1    74.4   138.0   164.9   350.8   443.0   499.3   542.3   598.2   685.8   906.2  2002.5  5907.9 14174.3  85578.6    85372
read      360.2   252.1    68.9   124.4   143.9   323.4   405.6   454.9   491.1   535.3   595.9   712.0  1076.8  2078.8  8014.0  49398.0    49372
read      434.9   463.0    74.4   136.6   160.8   346.0   441.1   499.5   544.9   605.9   702.9   951.4  1947.8  5799.7 12542.7  77460.0    77482
read      389.6   378.9    68.9   128.1   149.3   331.2   425.0   479.2   519.3   569.7   640.4   781.7  1601.0  3363.3 12891.8  66050.2    65907
read      454.8   401.1    74.4   149.8   181.8   400.3   498.4   554.5   598.7   658.7   750.9   922.5  1238.0  5819.8 12982.5  97355.0    97526
read      380.9   339.3    74.4   129.5   150.5   328.7   416.3   467.2   504.6   551.0   620.3   749.7  1351.6  4728.9 10029.8  70939.4    70969
read      364.9   257.2    74.4   125.4   145.2   326.6   412.1   462.3   499.8   545.2   607.6   717.4  1105.6  1899.9  8667.1  46542.2    46540
read      436.8   469.1    74.4   134.8   158.3   351.7   443.7   499.6   542.9   601.0   692.1   930.0  2000.8  5838.5 12613.4  74217.8    74220
read      360.5   254.7    74.4   124.8   144.6   325.7   409.4   457.6   493.5   537.9   595.6   692.7  1055.9  2016.2  6780.8  54868.8    54791
read      358.3   238.3    74.4   124.4   144.5   330.6   415.8   463.8   499.3   541.3   595.2   686.3   894.7  1346.7  9551.7  55540.0    55511
read      410.3   507.5    74.4   135.5   160.7   341.4   429.9   482.0   521.2   570.1   638.0   767.0  1597.1  5968.5 13747.7  86082.2    86186
read      350.4   210.9    74.4   122.1   142.3   323.0   409.1   457.8   492.8   534.0   586.0   669.8   848.8  1197.8  6079.2  54383.8    54497
read      350.7   255.1    74.4   121.2   141.2   321.9   403.0   451.3   486.3   527.8   579.1   661.1   870.4  1652.7  8731.8  44359.2    44298
read      331.2   281.5    74.4   118.5   137.0   308.1   381.6   425.4   457.6   494.0   537.8   598.9   741.3  1594.1 12607.0  27227.6    27329
read      339.4   207.6    74.4   120.8   139.8   316.3   393.8   438.7   471.3   510.8   560.6   632.1   793.1  1377.2  6909.6  36529.4    36635
read      356.7   263.8    74.4   123.8   144.3   326.8   412.0   461.5   496.8   538.6   592.1   678.3   864.8  1445.3 11533.5  49686.8    49641
read      347.9   221.6    74.4   122.1   142.2   323.2   403.8   450.7   484.1   524.3   576.2   654.4   817.2  1344.5  8574.8  39323.8    39434
read      375.4   308.2    74.4   128.4   150.1   332.5   420.8   471.3   508.1   552.6   614.5   720.5  1007.3  5637.3  7832.6  72239.0    72249
read      452.8   498.4    74.4   147.9   180.5   386.5   480.4   535.5   577.8   632.0   716.7   875.8  1410.2  5950.2 13231.2  96506.0    96470
read      403.0   535.0    74.4   129.3   152.2   339.2   431.2   485.9   526.9   577.0   644.4   767.9  1313.3  5892.8 21317.9  74980.8    74959
read      346.6   261.9    74.4   121.6   141.1   317.6   400.3   447.6   481.6   521.9   572.5   645.2   828.9  1572.7 10718.4  37516.2    37483
read      356.0   231.4    74.4   124.9   144.6   325.8   412.7   462.3   498.3   540.5   593.6   683.1   883.7  1377.2  7906.5  60173.8    60221
read      324.0   320.8    74.4   124.8   144.9   312.3   370.2   400.7   423.5   450.1   483.7   535.0   656.1  3397.8 12446.4  14943.8    14907
read      379.8   420.6    74.4   129.5   150.7   332.4   419.6   469.7   507.6   553.2   616.1   724.6  1011.8  5723.8 13947.1  70180.0    70234
read      353.9   221.8    74.4   123.3   143.5   325.3   410.9   460.2   496.1   538.5   591.6   678.3   867.1  1262.3  6974.6  54040.2    54057
read      368.8   261.2    74.4   127.5   148.1   333.4   429.1   482.5   520.4   564.4   621.4   716.4   926.4  1340.3  8641.5  58914.0    58889
read      357.0   231.8    74.4   124.5   144.2   325.0   412.6   462.5   498.1   540.2   595.5   686.2   897.2  1544.3  7582.9  44917.6    45122
read      503.0   503.5    74.4   156.8   196.5   425.4   529.5   589.2   636.0   701.1   811.3  1044.7  1835.3  5830.4 16236.0  96568.2    96621
read      351.4   225.5    74.4   122.9   142.5   323.6   408.5   456.1   490.5   532.3   585.5   673.3   867.5  1328.4  5947.3  56318.0    56405
read      294.4   408.1    93.8   142.1   165.8   273.8   301.8   317.4   330.1   344.7   367.9   408.7   581.1  6785.9 17666.8   5594.6     5604
read      486.6  1192.4    74.4   141.6   171.8   379.6   468.1   524.7   570.3   630.7   719.1   865.4  1755.6 16369.3 52573.1  87672.0    87896
read      323.9   806.7    80.4   136.7   157.1   287.9   319.0   338.6   353.1   371.0   395.6   435.6   593.6  9883.5 42654.3   7946.0     7984
read      439.2   460.6    74.4   145.1   174.7   368.6   461.4   518.1   561.0   616.5   696.2   849.7  1655.8  5904.8 12750.4  91803.8    92303
read      361.9   290.0    74.4   126.3   146.4   324.4   412.7   464.5   502.0   546.9   605.3   699.4   940.8  2177.7  8545.5  66752.0    66821
read      436.3   459.6    74.4   131.5   155.0   344.0   439.0   498.6   545.5   609.2   711.9  1024.7  1971.2  5582.8 12209.5  72336.2    72290
read      316.0   315.3    80.4   122.6   142.7   302.9   359.3   391.1   414.1   441.4   475.5   529.7   668.8  3245.5 12764.6  16948.6    16984
read      322.5   244.3    74.4   120.9   140.2   307.3   375.8   413.6   440.5   470.2   508.2   567.3   720.5  1420.9 10436.4  21105.8    21080
read      396.4   408.4    68.9   131.0   153.8   331.3   417.7   470.1   510.1   560.3   630.0   766.2  1694.8  5813.1  7869.8  81361.8    81349
read      357.4   311.1    68.9   123.7   143.7   315.5   400.9   450.0   485.5   528.7   585.4   682.8   934.1  5633.4  7686.1  72531.0    72320
read      337.5   215.4    74.4   119.1   138.9   314.4   392.7   437.0   469.8   509.2   557.4   629.4   794.0  1323.2  8252.1  45918.4    46080
read      343.0   221.5    74.4   119.9   139.8   315.5   397.1   443.7   477.7   519.5   573.9   660.6   849.3  1329.5  9513.0  55128.4    55024
read      359.1   266.2    74.4   122.4   142.8   314.5   400.1   448.5   483.7   526.1   584.6   698.9  1429.8  2367.9  6425.1  71657.0    71586
read      352.7   227.9    74.4   123.1   143.3   318.7   405.4   455.2   491.3   534.7   590.6   688.6   935.0  1770.9  6742.3  60207.2    60173
read      347.1   219.1    74.4   121.1   141.3   319.7   404.4   453.4   488.1   529.7   582.1   662.6   841.7  1310.8  6746.7  57579.8    57617
read      341.8   216.1    74.4   118.2   138.7   316.9   397.7   444.2   477.8   517.5   568.1   643.2   808.3  1353.1  6953.1  44578.8    44613
read      415.4   511.8    74.4   130.8   155.8   339.7   427.2   481.8   524.9   577.6   652.7   793.7  1827.9  5994.0 11412.9  86332.4    86378
read      340.5   203.7    74.4   117.6   137.3   314.2   395.7   442.5   476.9   518.5   572.2   656.6   853.3  1264.6  5018.0  52584.4    52602
read      313.7   241.7    74.4   116.4   135.9   301.4   366.3   400.8   425.8   455.0   490.3   541.7   665.8  1513.6 11062.8  20152.8    20049
read      331.4   327.2    74.4   118.7   137.6   304.3   377.9   421.8   453.9   490.4   535.3   599.2   785.3  3151.0 12245.6  36406.8    36448
read      371.9   304.5    74.4   127.4   147.0   322.2   409.2   461.0   498.7   544.4   610.7   742.0  1416.9  2075.2 10956.7  52556.8    52322
read      391.6   528.8    74.4   129.8   151.9   328.9   416.9   468.3   506.2   552.4   617.9   733.3  1210.2  5975.2 22684.9  77379.4    77439
read      289.5   342.9    86.8   146.0   170.7   269.8   297.6   314.3   326.6   342.0   364.8   406.9   553.8  5503.3 12739.5   5105.6     5108
read      317.5   236.0    80.4   118.8   136.9   302.1   370.3   409.0   436.0   465.5   502.2   559.5   679.3  1414.6 10366.3  19447.6    19518
read      359.7   323.3    74.4   123.1   143.2   322.7   406.9   456.3   492.4   535.4   591.4   688.5  1017.2  2033.5 12145.4  40831.6    41077
read      353.8   296.9    74.4   118.4   137.9   318.0   402.6   452.9   489.6   533.9   591.1   686.7   999.4  1730.9  9314.1  46290.0    46247
read      427.0   485.3    68.9   139.3   168.1   357.7   448.5   503.0   544.8   598.3   675.2   814.0  1533.5  5913.2 12901.6  94297.0    94422
read      345.9   208.0    74.4   119.7   139.5   318.5   402.4   450.9   486.2   528.2   581.7   665.8   849.9  1278.2  6366.9  53181.4    53231
read      347.9   232.1    74.4   118.9   138.6   319.0   402.4   451.6   487.3   529.0   581.6   670.4   871.1  1452.0  7562.1  45227.2    45294
read      382.2   358.5    74.4   127.0   147.7   336.6   429.4   482.9   522.6   569.7   633.6   746.4  1207.3  3163.9 10558.5  37255.2    37065
read      369.7   257.8    74.4   126.9   147.2   327.3   418.7   470.2   507.8   554.9   621.9   745.8  1108.5  1869.1  7718.6  61952.2    61713
read      296.8   274.7    80.4   130.4   152.8   288.1   321.5   342.6   359.6   379.5   404.4   451.1   557.4  3788.8 11934.1   8112.8     8145
read      358.3   234.0    68.9   122.1   142.3   323.8   412.8   462.9   498.6   540.7   594.2   686.7   950.4  1874.0  8006.5  43960.2    43954
read      350.2   211.7    74.4   122.6   142.8   321.6   408.7   457.0   491.3   532.3   584.4   667.3   847.6  1359.8  6219.1  45011.4    44908
read      297.9   300.7    80.4   123.3   142.2   287.9   330.3   354.5   372.2   393.3   420.2   463.3   580.3  3218.2 12845.6  10293.4    10356
read      351.4   240.4    74.4   125.1   145.5   316.7   403.4   453.3   488.6   531.0   586.9   681.8   897.1  1731.9  7672.9  70372.6    70596
read      341.3   201.5    74.4   119.4   139.7   316.5   396.7   442.5   475.8   515.5   567.4   640.8   825.7  1333.3  6035.8  44886.6    45095
read      328.5   262.8    80.4   117.6   136.6   309.3   381.5   422.5   451.6   483.7   522.6   581.1   716.6  2025.8 10662.5  21004.4    21024
read      404.6   593.7    74.4   129.8   153.4   339.6   429.1   480.8   520.5   569.7   636.6   755.2  1174.4  6906.2 19377.1  79789.0    79895
read      352.8   221.6    74.4   121.5   142.3   326.1   411.2   459.7   495.1   537.1   589.2   672.3   855.3  1345.2  8160.2  53676.8    53557
read      312.1   227.8    74.4   119.6   139.5   303.6   363.0   395.9   419.5   446.3   478.3   525.9   630.5  1471.0  8995.2  16834.4    16824
read      409.5   422.9    74.4   137.8   163.8   348.7   436.2   487.0   525.6   574.8   646.5   788.7  1183.1  5847.4  8647.8  91751.0    91946
read      348.0   291.0    74.4   120.2   140.6   317.8   396.7   441.7   475.6   517.3   569.4   649.5   936.1  1806.4 10197.8  42435.8    42349
read      387.8   334.3    74.4   125.1   144.9   318.9   407.7   462.7   507.4   568.2   671.9   989.4  1452.4  2022.6  8880.8  38970.4    38866
read      321.9   254.0    74.4   126.1   143.8   305.5   375.9   412.6   437.8   466.8   502.4   554.6   689.7  1496.6 10352.4  21272.6    21155
read      317.1   288.3    80.4   137.1   156.8   310.8   351.7   373.8   391.2   410.8   436.6   480.6   593.6  4000.8 12116.9  11010.4    11082
read      325.6   339.0    80.4   138.4   158.7   318.1   365.3   389.8   405.9   427.0   454.8   498.3   601.9  4022.2 14983.7  12291.6    12304
read      326.2   239.5    74.4   127.4   146.0   314.2   384.0   419.1   443.2   470.2   504.4   554.9   672.9  1752.2 10629.4  19574.6    19547
read      348.4   226.3    68.9   129.2   148.4   323.2   404.7   449.8   482.4   522.4   573.1   650.3   844.6  1401.4  8407.6  55876.8    55862
read      347.1   212.0    74.4   132.0   153.6   314.8   394.3   441.1   476.9   520.6   577.7   668.2   873.0  1421.6  6061.1  95372.0    95453
read      352.4   223.8    74.4   134.8   157.1   318.5   399.3   447.9   484.1   528.5   587.3   682.8   885.9  1265.6  5727.8  95149.8    94992
read      334.2   231.8    68.9   126.8   145.1   312.0   390.0   432.8   463.9   500.0   544.2   612.5   764.7  1425.1  7585.8  31835.8    31798
read      346.9   205.1    68.9   130.0   151.1   315.0   396.7   444.9   480.0   523.6   581.0   672.7   882.1  1258.9  5386.5  84981.4    84972
read      345.0   234.4    68.9   129.1   148.4   313.4   396.4   443.4   477.4   518.7   573.0   661.4   870.8  1311.3 10436.5  71709.4    71646
read      319.8   235.6    68.9   123.7   140.7   298.0   369.8   410.8   440.2   472.8   514.9   575.2   719.3  1490.5 10823.4  27655.6    27600
read      314.4   227.2    74.4   124.9   142.5   300.7   370.1   405.7   430.2   458.0   491.8   542.0   655.4  1466.6  9028.9  20607.4    20708
read      341.9   220.3    68.9   129.7   150.9   309.1   388.2   436.0   471.6   515.7   573.7   664.7   857.8  1174.6  5884.6  92209.6    92155
read      337.3   226.4    74.4   127.2   145.4   312.6   390.1   432.8   464.5   501.8   549.4   624.5   797.6  1551.6  7981.8  39654.6    39702
read      311.7   316.0    80.4   142.7   164.0   304.4   338.8   359.5   373.9   393.7   419.6   461.3   569.2  3863.9 14736.9   9764.2     9743
read      326.2   236.4    74.4   124.6   142.6   305.2   381.3   422.3   450.8   482.5   521.9   580.3   719.0  1491.0 10134.9  26488.6    26428
read      345.3   212.9    68.9   129.5   150.3   313.0   393.9   441.7   477.1   520.6   576.6   667.3   884.4  1480.3  5925.6  85081.4    85163
read      344.7   224.0    68.9   126.1   145.5   320.0   400.4   445.5   477.9   516.5   566.5   642.0   833.8  1459.7  8113.9  57006.4    56917
read      346.9   214.5    68.9   128.0   147.3   319.1   402.3   449.0   482.4   522.4   574.4   658.3   863.1  1403.3  7440.7  65766.8    65842

Total QPS = 51492.8 (33985276 / 660.0s)

Total connections = 64
Misses = 0 (0.0%)
Skipped TXs = 0 (0.0%)

RX 8394363419 bytes :   12.1 MB/s
TX          0 bytes :    0.0 MB/s
Warning! Detected max cpu usage > 95%
CPU Usage Stats (avg/min/max): 99.97%,49.25%,100.00%