ubuntu@memcache-server-kkf4:~$ sudo python3 scheduler.py
2024-05-17T06:53:10.145762 start scheduler
2024-05-17T06:53:10.145810 start freqmine [0,1,2,3] 4
2024-05-17T06:56:05.053151 end freqmine
2024-05-17T06:56:05.053191 start canneal [2,3] 2
2024-05-17T06:56:06.334258 start ferret [0,1] 2
2024-05-17T06:58:41.126649 end canneal
2024-05-17T06:58:41.126693 start blackscholes [2,3] 2
2024-05-17T06:59:56.100938 end blackscholes
2024-05-17T06:59:56.101006 start dedup [2,3] 2
2024-05-17T07:00:24.485219 end dedup
2024-05-17T07:00:24.485274 start radix [2,3] 2
2024-05-17T07:00:48.908374 end radix
2024-05-17T07:00:48.908425 start vips [2,3] 2
2024-05-17T07:01:56.612611 end vips
2024-05-17T07:01:56.635770 update_cores ferret [0,1,2,3]
2024-05-17T07:02:12.682225 end ferret

ubuntu@client-measure-71h2:~/memcache-perf-dynamic$ ./mcperf -s 10.0.16.4 -a 10.0.16.2 --noload -T 16 -C 4 -D 4 -Q 1000 -c 4 -t 600 --qps_interval 10 --qps_min 5000 --qps_max 100000 --qps_seed 3274
Random waveform, supplied seed
Total number of intervals = 60 (7434, 67201, 85927, 63953, 31595, 87879, 7287, 62295, 6561, 22532, 60653, 59076, 60154, 22964, 8172, 27652, 37594, 24367, 33771, 84944, 85666, 51918, 34406, 28664, 38289, 20658, 13840, 93419, 98284, 71313, 42089, 46458, 30755, 42889, 93552, 65694, 29574, 51355, 67361, 16287, 81508, 87619, 99068, 51267, 11822, 97494, 97350, 55460, 85984, 82043, 52873, 13911, 49984, 9274, 27187, 18735, 86505, 93039, 75999, 32324)
Average QPS expected = 51565
Timestamp start: 1715928781482
Timestamp end: 1715929382045

#type       avg     std     min      p5     p10     p50     p67     p75     p80     p85     p90     p95     p99    p999   p9999      QPS   target
read      315.1   416.2    86.8   151.8   176.3   291.1   323.7   344.4   361.1   380.5   406.3   456.3   654.2  5975.0 15545.6   7405.1     7434
read      363.5   286.7    68.9   127.2   148.1   325.6   411.2   460.6   497.3   541.3   599.0   694.0  1002.9  2174.9  9977.2  67247.2    67201
read      394.0   486.9    74.4   131.7   155.5   334.4   415.6   465.1   504.0   553.0   623.7   740.9  1622.2  5748.2 16821.4  85825.5    85927
read      348.0   221.8    68.9   122.6   143.0   321.4   402.6   450.7   485.9   528.2   581.8   663.3   826.6  1200.9  8885.5  63968.5    63953
read      339.7   240.8    74.4   119.2   138.1   306.3   384.7   432.7   467.6   507.4   556.6   641.0  1011.5  1488.6  7834.6  31556.0    31595
read      375.0   341.3    74.4   130.9   153.7   329.2   410.3   458.8   495.7   541.7   605.1   712.3   997.7  5339.1  9498.2  87827.0    87879
read      286.2   441.4    74.4   126.3   147.4   262.4   296.8   317.0   333.6   354.0   382.6   430.4   571.3  6228.0 14901.9   7292.3     7287
read      346.5   209.9    74.4   122.3   142.4   320.6   403.0   451.4   486.3   528.0   579.8   654.9   817.2  1201.9  6680.6  62328.8    62295
read      273.9   356.0    80.4   127.3   149.0   253.5   283.5   300.7   313.6   329.8   353.2   396.0   549.0  5007.2 14353.9   6549.1     6561
read      315.7   242.4    74.4   118.5   137.0   294.5   367.0   409.1   437.7   468.5   504.2   552.8   653.3  1481.8 10665.1  22472.8    22532
read      360.7   359.7    74.4   124.0   144.8   329.2   413.6   462.2   497.8   540.2   592.5   674.0   849.3  2458.3 15799.2  60643.9    60653
read      350.2   249.7    74.4   122.9   143.6   324.3   406.9   454.5   489.6   531.4   582.3   656.3   807.5  1253.5 11178.2  59104.6    59076
read      355.3   369.8    74.4   122.6   143.4   324.0   407.1   455.1   490.1   531.4   582.9   660.8   834.1  1982.9 13456.1  60057.5    60154
read      331.2   447.1    74.4   118.2   136.8   295.4   370.3   415.1   444.7   476.4   515.5   577.7   864.0  5807.2 18916.8  23043.2    22964
read      292.2   614.1    80.4   123.6   142.6   262.0   295.7   314.6   329.4   347.5   372.7   415.8   552.6  9465.4 30594.8   8207.8     8172
read      315.8   212.2    74.4   117.2   135.1   294.7   366.3   410.2   441.0   474.5   514.0   569.2   679.7  1376.9  7949.4  27721.7    27652
read      329.8   213.6    74.4   120.0   139.6   308.4   382.2   426.1   458.0   495.5   540.3   602.2   735.7  1378.2  7382.4  37551.3    37594
read      316.9   232.0    74.4   118.5   137.3   294.9   366.2   409.0   439.2   470.9   509.3   565.9   681.5  1457.4  9419.3  24422.1    24367
read      368.2   348.3    74.4   128.8   148.9   322.3   401.4   449.9   485.8   529.5   586.2   699.6  1267.4  3944.4 12367.2  33748.4    33771
read      465.4   694.7    74.4   144.2   172.5   364.2   454.5   510.2   556.1   617.4   711.1   932.6  2080.8  8189.2 22070.1  84794.0    84944
read      446.2   524.0    74.4   143.1   170.7   359.1   449.8   504.7   547.1   601.9   683.4   865.0  2108.2  5949.5 13491.6  85656.4    85666
read      359.3   235.7    74.4   128.8   149.5   330.5   412.4   460.1   495.6   537.2   588.9   669.8   893.6  1827.7  6709.6  51945.0    51918
read      344.7   211.1    74.4   127.0   146.8   319.4   395.3   441.2   474.3   513.5   561.4   632.2   843.3  1535.1  6646.1  34420.6    34406
read      333.4   229.8    74.4   123.0   142.1   312.3   386.1   430.6   462.3   498.6   540.4   595.8   723.7  1377.8  9534.4  28677.2    28664
read      353.5   227.0    74.4   127.0   147.9   332.9   411.7   456.8   489.8   529.0   576.8   641.7   786.8  1340.9  7729.1  38201.3    38289
read      319.4   231.7    74.4   122.9   141.4   299.8   370.3   411.7   439.6   469.4   505.2   553.4   665.3  1435.3  8618.0  20646.0    20658
read      308.7   342.4    80.4   126.8   145.0   291.6   347.3   379.2   401.6   427.4   457.9   503.1   627.4  3265.7 16568.9  13770.5    13840
read      448.2   474.0    74.4   150.8   182.7   382.3   467.2   518.3   559.7   617.3   704.2   857.1  1700.8  5902.9 10813.0  93393.5    93419
read      520.9   514.2    74.4   186.7   232.8   444.1   533.3   590.6   639.1   709.0   807.2   973.2  1822.8  5945.6 15467.2  98323.9    98284
read      378.8   352.2    74.4   129.9   151.2   334.2   420.4   470.5   508.2   554.7   619.2   723.1   980.4  5740.0  9556.7  71334.6    71313
read      361.0   298.1    74.4   127.0   148.3   335.1   415.9   461.4   495.7   536.5   586.4   659.7   821.8  2050.6 10895.8  42081.7    42089
read      369.3   459.3    74.4   127.7   149.1   336.0   419.2   465.5   499.8   540.0   591.1   668.5   843.6  3840.4 16261.9  46432.4    46458
read      339.5   229.2    74.4   124.6   144.2   316.6   392.2   436.8   468.3   505.3   549.7   614.4   755.2  1398.0  8557.9  30713.8    30755
read      351.2   238.9    74.4   126.4   147.0   323.8   401.5   447.2   480.2   520.0   568.8   640.9   906.3  1721.7  9283.7  42879.0    42889
read      458.7   548.6    68.9   148.5   179.7   372.3   462.1   518.8   563.5   621.5   704.8   881.6  2004.9  5979.6 14772.3  93458.9    93552
read      352.1   239.1    74.4   125.8   145.7   321.5   404.4   452.5   487.6   529.6   584.2   673.0   870.7  1797.9  7588.4  65615.1    65694
read      331.7   242.0    74.4   120.1   138.9   306.6   383.0   428.4   460.6   497.2   541.0   605.0   772.4  1459.4  9682.1  29510.4    29574
read      352.4   213.6    74.4   123.5   144.4   327.2   411.1   459.3   494.3   535.5   586.3   661.5   824.0  1327.4  7193.5  51456.1    51355
read      360.0   300.8    74.4   124.9   145.3   325.5   412.7   462.8   499.8   543.5   599.0   688.0   890.3  2268.7 10608.6  67364.2    67361
read      314.4   317.8    74.4   121.2   139.8   296.1   359.3   394.2   418.5   445.3   476.7   525.6   650.7  3960.0 12698.3  16273.6    16287
read      407.2   467.6    74.4   134.8   158.8   340.3   425.0   476.6   517.6   568.9   639.1   766.6  1732.6  5913.7 12967.4  81500.6    81508
read      477.5   549.9    74.4   149.9   180.7   385.0   483.1   544.6   593.8   659.7   758.1   985.6  2006.2  5959.0 17450.9  87464.4    87619
read      478.5   420.5    74.4   168.7   209.0   420.7   505.3   557.9   602.5   667.4   764.1   915.8  1381.5  5792.3 10594.0  99268.3    99068
read      377.1   271.5    74.4   129.5   151.1   344.5   430.3   478.2   513.8   557.2   615.0   709.8  1012.9  2431.0  9915.3  51340.4    51267
read      303.3   439.0    80.4   124.7   142.0   281.6   325.3   351.1   370.1   393.2   422.8   466.3   612.3  6571.9 19129.4  11900.0    11822
read      430.4   563.3    74.4   145.5   175.5   365.1   449.0   498.6   538.4   591.0   673.7   812.3  1188.4  5957.6 18893.0  97390.3    97494
read      595.5   583.2    80.4   209.1   274.6   530.1   620.2   674.7   723.5   806.5   953.0  1151.5  1523.5  6614.2 21769.7  97245.0    97350
read      367.5   243.8    74.4   128.5   149.1   336.3   422.6   472.3   510.2   556.7   616.4   704.1   918.2  1698.0  8762.7  55254.6    55460
read      417.9   474.3    74.4   138.9   164.9   353.4   439.4   490.9   531.4   583.2   657.7   788.1  1613.5  5897.6 12839.0  86007.5    85984
read      417.8   465.4    74.4   137.5   162.6   350.2   436.9   489.6   530.9   583.4   658.0   792.2  1777.4  5866.0 12336.0  82060.0    82043
read      365.2   229.6    74.4   128.3   149.2   337.3   423.7   473.5   510.3   555.0   611.2   690.2   866.2  1387.4  7427.1  52759.5    52873
read      311.9   297.2    74.4   126.8   145.1   297.7   352.5   382.6   403.8   429.3   460.7   507.9   647.2  3187.2 13188.5  13944.4    13911
read      360.2   250.4    74.4   127.5   148.4   331.4   414.4   462.6   498.7   541.7   594.2   673.5   857.8  1689.4  9925.0  49910.1    49984
read      330.1   311.2    80.4   133.5   155.8   302.2   350.0   382.6   409.8   444.1   487.6   554.7   822.9  4062.4 10943.3   9267.0     9274
read      410.2   484.1    74.4   130.4   150.3   324.1   428.3   500.3   562.7   652.3   780.9   942.7  1214.1  5862.6 16872.9  27074.0    27187
read      314.2   267.1    74.4   131.4   149.2   301.7   362.1   394.6   418.0   444.4   476.3   528.5   646.8  1768.9 13203.7  18721.4    18735
read      350.7   209.5    74.4   133.3   154.9   319.0   398.5   446.3   482.4   527.1   584.7   676.8   869.3  1242.2  6367.0  86540.7    86505
read      348.0   213.1    74.4   134.4   156.2   316.9   395.1   442.0   477.5   521.1   577.7   666.8   856.3  1178.6  7082.4  93130.8    93039
read      351.2   221.1    68.9   131.7   152.6   320.0   400.5   448.9   484.6   528.2   584.9   677.1   877.8  1333.3  8654.9  76039.3    75999
read      330.8   232.6    74.4   130.1   148.7   309.3   377.9   419.7   450.8   487.5   533.0   596.8   742.0  1447.7  9266.4  32292.0    32324

Total QPS = 51550.5 (30930312 / 600.0s)

Total connections = 64
Misses = 0 (0.0%)
Skipped TXs = 0 (0.0%)

RX 7639787311 bytes :   12.1 MB/s
TX          0 bytes :    0.0 MB/s
Warning! Detected max cpu usage > 95%
CPU Usage Stats (avg/min/max): 99.95%,48.72%,100.00%